0.000000 0.0000157 0.0000009 -0.0000358 0.0000007 -0.0000342 -0.0000011 1.0000000
0.519499 -0.0027071 -0.0005845 0.0418005 0.0015992 -0.0218362 -0.0010162 0.9997598
0.623377 -0.0046986 -0.0005761 0.0521937 0.0020339 -0.0285444 -0.0009058 0.9995900
0.830874 -0.0087113 -0.0008168 0.0764256 0.0019790 -0.0462834 -0.0002087 0.9989263
1.453253 -0.0378407 -0.0029824 0.1621260 0.0049443 -0.1209734 -0.0056581 0.9926273
1.660772 -0.0530972 -0.0035686 0.1939651 0.0046879 -0.1531399 -0.0078081 0.9881626
2.386504 -0.1254389 -0.0052816 0.2989250 0.0032984 -0.2881259 -0.0087309 0.9575471
2.593620 -0.1582208 -0.0059785 0.3281234 0.0022928 -0.3373997 -0.0132948 0.9412648
2.697329 -0.1760895 -0.0062933 0.3422511 0.0020918 -0.3631845 -0.0130590 0.9316234
3.008248 -0.2379744 -0.0058516 0.3831785 -0.0014048 -0.4424466 -0.0074202 0.8967630
3.112001 -0.2619506 -0.0055497 0.3953232 -0.0029983 -0.4689830 -0.0068346 0.8831757
3.319374 -0.3154252 -0.0050700 0.4163395 -0.0051039 -0.5214739 -0.0069029 0.8532240
3.423126 -0.3444682 -0.0051128 0.4245879 -0.0066560 -0.5469798 -0.0073016 0.8370875
3.526893 -0.3753391 -0.0044400 0.4319863 -0.0073237 -0.5717796 -0.0078236 0.8203372
3.734395 -0.4429075 -0.0041935 0.4440968 -0.0118273 -0.6176509 -0.0074406 0.7863283
3.942122 -0.5171647 -0.0033619 0.4490795 -0.0118379 -0.6563206 -0.0081107 0.7543457
4.046284 -0.5570657 -0.0023486 0.4498165 -0.0111603 -0.6723268 -0.0087712 0.7401184
4.150266 -0.5986988 -0.0012765 0.4492938 -0.0099095 -0.6863016 -0.0088433 0.7271958
4.254380 -0.6418490 -0.0007247 0.4482315 -0.0092314 -0.6988330 -0.0076660 0.7151842
4.358512 -0.6861844 -0.0000249 0.4457507 -0.0083005 -0.7099835 -0.0065730 0.7041386
4.566885 -0.7803935 0.0016361 0.4380605 -0.0063002 -0.7264830 -0.0055372 0.6871333
4.775500 -0.8814967 0.0034098 0.4278210 -0.0064987 -0.7364798 -0.0049235 0.6764104
4.984250 -0.9881948 0.0037704 0.4157858 -0.0063988 -0.7420156 -0.0068352 0.6703172
5.192878 -1.1012461 0.0051284 0.4028051 -0.0076209 -0.7439218 -0.0068268 0.6681883
5.401501 -1.2201933 0.0066736 0.3902245 -0.0097181 -0.7431126 -0.0079096 0.6690490
5.610008 -1.3441083 0.0081648 0.3765748 -0.0074491 -0.7419990 -0.0084511 0.6703063
5.818377 -1.4749964 0.0108882 0.3633139 -0.0083351 -0.7409763 -0.0092806 0.6714153
6.026772 -1.6112132 0.0120986 0.3498153 -0.0095687 -0.7397394 -0.0122042 0.6727148
6.235023 -1.7516454 0.0150221 0.3356534 -0.0068880 -0.7385461 -0.0123125 0.6740553
6.443143 -1.8978966 0.0180071 0.3222144 -0.0080774 -0.7375063 -0.0121599 0.6751825
6.651280 -2.0470543 0.0203727 0.3089497 -0.0104484 -0.7366951 -0.0124785 0.6760293
6.859377 -2.1972475 0.0222252 0.2960733 -0.0069712 -0.7364649 -0.0077591 0.6763954
7.067377 -2.3510044 0.0243005 0.2832086 -0.0072503 -0.7368143 -0.0045534 0.6760410
7.275272 -2.5084164 0.0255027 0.2688183 -0.0117295 -0.7368792 -0.0105928 0.6758397
7.483251 -2.6652634 0.0275881 0.2537856 -0.0123410 -0.7370487 -0.0141343 0.6755791
7.691129 -2.8214028 0.0305166 0.2389296 -0.0101388 -0.7373011 -0.0118514 0.6753842
7.899003 -2.9774084 0.0327498 0.2242717 -0.0105420 -0.7372446 -0.0141716 0.6753950
8.107005 -3.1320581 0.0352632 0.2099209 -0.0078171 -0.7371680 -0.0120170 0.6755574
8.315006 -3.2863305 0.0368606 0.1954801 -0.0063736 -0.7369037 -0.0111882 0.6758751
8.522877 -3.4416161 0.0384010 0.1820928 -0.0092247 -0.7365922 -0.0135586 0.6761383
8.730751 -3.5968416 0.0411887 0.1684912 -0.0124294 -0.7363755 -0.0165492 0.6762565
8.938756 -3.7506804 0.0448651 0.1551153 -0.0109687 -0.7363579 -0.0146827 0.6763440
9.146631 -3.9038031 0.0469885 0.1410385 -0.0071060 -0.7362397 -0.0138997 0.6765407
9.458529 -4.1328259 0.0495136 0.1204027 -0.0051522 -0.7370580 -0.0104128 0.6757295
9.666385 -4.2847185 0.0507045 0.1064855 -0.0074171 -0.7379239 -0.0094858 0.6747764
9.874249 -4.4370275 0.0520542 0.0927827 -0.0123210 -0.7392219 -0.0116338 0.6732486
10.082130 -4.5852227 0.0537137 0.0774904 -0.0094400 -0.7400877 -0.0111058 0.6723523
10.290010 -4.7325788 0.0552443 0.0604959 -0.0048324 -0.7408868 -0.0124026 0.6714980
10.497760 -4.8793015 0.0561469 0.0447714 -0.0051807 -0.7415680 -0.0140039 0.6707115
10.705630 -5.0246406 0.0577673 0.0291784 -0.0041164 -0.7421200 -0.0145725 0.6700959
10.913510 -5.1685476 0.0596242 0.0147492 -0.0065756 -0.7424539 -0.0152436 0.6696914
11.121380 -5.3095942 0.0609379 -0.0003157 -0.0087934 -0.7427040 -0.0177510 0.6693268
11.433260 -5.5146856 0.0636505 -0.0219022 -0.0074186 -0.7432720 -0.0152680 0.6687739
11.745130 -5.7089748 0.0655421 -0.0426339 -0.0043194 -0.7421470 -0.0141553 0.6700737
12.057260 -5.8907990 0.0670476 -0.0586499 -0.0058725 -0.7364846 -0.0151723 0.6762586
12.265510 -6.0059800 0.0673972 -0.0668405 -0.0060628 -0.7294204 -0.0173394 0.6838190
12.473910 -6.1129746 0.0688858 -0.0703069 -0.0054888 -0.7180023 -0.0195855 0.6957435
12.786780 -6.2604160 0.0711212 -0.0631359 -0.0062839 -0.6909102 -0.0187057 0.7226712
13.099880 -6.3891592 0.0724158 -0.0422018 -0.0073927 -0.6488916 -0.0173555 0.7606470
13.308760 -6.4681292 0.0725617 -0.0181919 -0.0096156 -0.6118656 -0.0152984 0.7907553
13.517630 -6.5404367 0.0725631 0.0142946 -0.0115923 -0.5690967 -0.0078207 0.8221517
13.726510 -6.6092134 0.0742803 0.0551194 -0.0123299 -0.5218479 -0.0045804 0.8529372
13.935130 -6.6735744 0.0752681 0.1037038 -0.0154876 -0.4750591 -0.0003499 0.8798175
14.039380 -6.7025437 0.0755290 0.1311932 -0.0184660 -0.4513918 0.0043559 0.8921241
14.143650 -6.7306604 0.0758753 0.1592316 -0.0173993 -0.4271502 0.0061158 0.9039926
14.247880 -6.7580218 0.0760793 0.1882894 -0.0135759 -0.4021711 0.0063617 0.9154418
14.352150 -6.7838926 0.0766552 0.2193592 -0.0074844 -0.3760543 0.0072704 0.9265389
14.560630 -6.8330970 0.0768571 0.2886299 -0.0009261 -0.3206702 0.0060955 0.9471709
14.769010 -6.8792219 0.0767292 0.3706309 0.0017410 -0.2644887 0.0052352 0.9643730
14.977150 -6.9196572 0.0746766 0.4620532 0.0013551 -0.2141272 0.0012499 0.9768040
15.185010 -6.9569139 0.0734945 0.5634474 0.0021767 -0.1728159 -0.0035950 0.9849452
15.288760 -6.9736199 0.0727559 0.6181358 0.0011723 -0.1571878 -0.0037300 0.9875610
15.496190 -7.0045152 0.0717850 0.7337868 -0.0007419 -0.1337699 -0.0032732 0.9910067
15.703610 -7.0347939 0.0716300 0.8567654 -0.0022837 -0.1165930 -0.0068913 0.9931533
15.911010 -7.0624108 0.0706816 0.9856763 -0.0028879 -0.1032631 -0.0079574 0.9946181
16.014760 -7.0751271 0.0703720 1.0525419 -0.0027391 -0.0963522 -0.0080754 0.9953108
16.118550 -7.0869436 0.0704093 1.1213647 -0.0030310 -0.0890432 -0.0083155 0.9959884
16.326140 -7.1097522 0.0695341 1.2629455 -0.0018436 -0.0754155 -0.0093247 0.9971069
16.533760 -7.1294527 0.0681027 1.4092126 0.0037885 -0.0650552 -0.0091666 0.9978324
16.741260 -7.1481624 0.0665270 1.5611924 0.0008107 -0.0576392 -0.0098207 0.9982889
16.948890 -7.1659441 0.0638867 1.7143756 -0.0051620 -0.0530174 -0.0123392 0.9985040
17.156420 -7.1820931 0.0626240 1.8666203 -0.0042230 -0.0496726 -0.0117509 0.9986875
17.364000 -7.1965280 0.0613611 2.0190539 -0.0067042 -0.0470640 -0.0101862 0.9988174
17.571660 -7.2108164 0.0610099 2.1714439 -0.0056577 -0.0442243 -0.0085531 0.9989690
17.675510 -7.2179189 0.0605079 2.2464807 -0.0019882 -0.0433813 -0.0101199 0.9990054
17.883140 -7.2314901 0.0585154 2.3961029 0.0039897 -0.0419404 -0.0108719 0.9990530
18.090880 -7.2452836 0.0552351 2.5464897 0.0011411 -0.0396335 -0.0132435 0.9991258
18.298510 -7.2574816 0.0527312 2.6966660 -0.0023128 -0.0372831 -0.0135670 0.9992099
18.506260 -7.2688274 0.0507203 2.8457510 -0.0023513 -0.0359991 -0.0111813 0.9992865
18.713910 -7.2789025 0.0489393 2.9934061 -0.0008442 -0.0353837 -0.0098522 0.9993249
18.921640 -7.2900286 0.0471400 3.1443584 -0.0014150 -0.0344885 -0.0114831 0.9993381
19.129390 -7.3010979 0.0455445 3.2964475 -0.0008296 -0.0354202 -0.0108601 0.9993132
19.337010 -7.3131661 0.0439323 3.4509091 -0.0009339 -0.0380559 -0.0106309 0.9992186
19.544760 -7.3273802 0.0414307 3.6068339 0.0016203 -0.0407687 -0.0126255 0.9990875
19.752390 -7.3422852 0.0397533 3.7645664 0.0042888 -0.0428864 -0.0125209 0.9989923
19.960140 -7.3579936 0.0363829 3.9256012 0.0031562 -0.0449352 -0.0120129 0.9989127
20.167930 -7.3731790 0.0343152 4.0897841 0.0004881 -0.0465610 -0.0114315 0.9988499
20.375760 -7.3891225 0.0322834 4.2559528 -0.0030158 -0.0467827 -0.0109447 0.9988406
20.583640 -7.4050107 0.0309411 4.4224534 -0.0023364 -0.0449564 -0.0122606 0.9989110
20.791530 -7.4191027 0.0295843 4.5908113 -0.0003515 -0.0433686 -0.0094065 0.9990148
20.999260 -7.4327497 0.0277199 4.7604532 -0.0016163 -0.0421481 -0.0074361 0.9990824
21.207140 -7.4467006 0.0258682 4.9272547 -0.0029497 -0.0412683 -0.0058762 0.9991264
21.415040 -7.4617085 0.0229865 5.0929132 0.0015274 -0.0404050 -0.0079531 0.9991506
21.622900 -7.4757805 0.0193827 5.2563467 0.0072981 -0.0395482 -0.0114593 0.9991253
21.934640 -7.4947133 0.0134171 5.5008831 0.0002168 -0.0395209 -0.0092196 0.9991762
22.142620 -7.5075769 0.0111585 5.6621761 -0.0024550 -0.0414751 -0.0074757 0.9991086
22.454390 -7.5281920 0.0070552 5.8981318 0.0011019 -0.0453002 -0.0053860 0.9989583
22.662270 -7.5437913 0.0042181 6.0523829 0.0047333 -0.0491032 -0.0067655 0.9987596
22.870160 -7.5607047 -0.0001867 6.2041121 0.0068224 -0.0523774 -0.0101025 0.9985530
23.078010 -7.5787196 -0.0042705 6.3552446 0.0030411 -0.0563552 -0.0131011 0.9983202
23.181990 -7.5877919 -0.0057904 6.4306283 0.0003539 -0.0584576 -0.0131319 0.9982035
23.389770 -7.6062870 -0.0077870 6.5787802 -0.0018515 -0.0644878 -0.0123741 0.9978400
23.493760 -7.6162009 -0.0087435 6.6511683 -0.0038195 -0.0675332 -0.0111146 0.9976478
23.701510 -7.6383200 -0.0103398 6.7929988 -0.0029438 -0.0739035 -0.0136169 0.9971681
23.805540 -7.6503282 -0.0112556 6.8629360 -0.0009563 -0.0767788 -0.0146066 0.9969407
24.013390 -7.6739197 -0.0130924 7.0018072 0.0012600 -0.0826146 -0.0149232 0.9964690
24.117270 -7.6865420 -0.0137770 7.0714655 -0.0011190 -0.0850012 -0.0158922 0.9962535
24.221270 -7.6989026 -0.0146324 7.1397576 -0.0031487 -0.0882012 -0.0161772 0.9959663
24.429140 -7.7250829 -0.0166612 7.2752061 -0.0025139 -0.0949473 -0.0147746 0.9953695
24.636890 -7.7529006 -0.0178991 7.4078255 0.0019236 -0.1038819 -0.0124004 0.9945105
24.844640 -7.7836127 -0.0196879 7.5405064 -0.0025657 -0.1151023 -0.0118121 0.9932801
25.052390 -7.8178110 -0.0206660 7.6716909 -0.0080149 -0.1270080 -0.0124706 0.9917909
25.364010 -7.8745861 -0.0203849 7.8619194 0.0021018 -0.1453205 -0.0140331 0.9892829
25.571790 -7.9162750 -0.0215926 7.9895597 -0.0041262 -0.1576267 -0.0131733 0.9874023
25.779520 -7.9611554 -0.0222087 8.1147661 -0.0060555 -0.1702864 -0.0116140 0.9853076
26.091270 -8.0323267 -0.0236786 8.2995987 0.0021085 -0.1850447 -0.0078868 0.9826962
26.299290 -8.0837908 -0.0253890 8.4226484 0.0038402 -0.1929588 -0.0107981 0.9811399
26.611020 -8.1637774 -0.0270655 8.6069479 -0.0048096 -0.2049440 -0.0103729 0.9787069
26.818890 -8.2216702 -0.0281940 8.7285309 -0.0050183 -0.2111155 -0.0188234 0.9772670
27.026890 -8.2772341 -0.0283221 8.8479700 0.0019386 -0.2167572 -0.0145870 0.9761146
27.234770 -8.3368511 -0.0294991 8.9693155 0.0002921 -0.2211644 -0.0177895 0.9750742
27.546520 -8.4268913 -0.0319673 9.1499252 0.0020573 -0.2294912 -0.0165884 0.9731672
27.754390 -8.4892664 -0.0331603 9.2690878 0.0063023 -0.2345370 -0.0166013 0.9719450
27.962300 -8.5527267 -0.0356214 9.3882790 0.0034629 -0.2389916 -0.0183739 0.9708416
28.170020 -8.6158667 -0.0375178 9.5062542 0.0035450 -0.2440834 -0.0178832 0.9695829
28.377890 -8.6803255 -0.0395342 9.6227713 0.0032467 -0.2486227 -0.0165982 0.9684528
28.585770 -8.7455702 -0.0413673 9.7375669 0.0033203 -0.2533196 -0.0175221 0.9672183
28.793670 -8.8091230 -0.0440740 9.8497505 0.0072069 -0.2583687 -0.0152513 0.9658991
29.001520 -8.8744020 -0.0463085 9.9599390 0.0066673 -0.2624128 -0.0151199 0.9648142
29.209390 -8.9384508 -0.0486899 10.0690708 -0.0026009 -0.2658418 -0.0158554 0.9638827
29.417270 -9.0009098 -0.0493842 10.1735544 -0.0052680 -0.2691282 -0.0133876 0.9629969
29.625020 -9.0615940 -0.0500762 10.2721796 -0.0022906 -0.2725631 -0.0120393 0.9620599
29.832900 -9.1196575 -0.0504720 10.3657217 -0.0017725 -0.2753677 -0.0103244 0.9612819
30.040770 -9.1752396 -0.0520695 10.4536209 -0.0032486 -0.2778534 -0.0101585 0.9605643
30.248520 -9.2261801 -0.0526471 10.5351028 -0.0039935 -0.2806546 -0.0082195 0.9597653
30.456270 -9.2739468 -0.0532637 10.6082191 -0.0014160 -0.2829185 -0.0083010 0.9591070
30.664040 -9.3177643 -0.0542124 10.6752882 0.0011472 -0.2864758 -0.0056598 0.9580701
30.871790 -9.3580008 -0.0551802 10.7364235 -0.0003732 -0.2920620 -0.0037712 0.9563919
31.079540 -9.3971682 -0.0555436 10.7900686 -0.0020387 -0.2983832 -0.0081849 0.9544089
31.287140 -9.4334631 -0.0560828 10.8382034 -0.0070838 -0.3053631 -0.0103233 0.9521537
31.702150 -9.4948435 -0.0568438 10.9169903 -0.0106552 -0.3305832 -0.0060409 0.9436974
31.909520 -9.5240240 -0.0572191 10.9471083 -0.0088910 -0.3500359 -0.0065870 0.9366709
32.116900 -9.5511742 -0.0572518 10.9725943 -0.0037660 -0.3711766 -0.0051702 0.9285402
32.531770 -9.6082306 -0.0566499 11.0162439 0.0006818 -0.4143407 -0.0094460 0.9100726
32.739270 -9.6383171 -0.0562772 11.0368128 -0.0015385 -0.4394324 -0.0090634 0.8982286
32.946650 -9.6705198 -0.0559142 11.0539913 -0.0031452 -0.4663790 -0.0132730 0.8844799
33.154020 -9.7031660 -0.0559802 11.0689440 -0.0037999 -0.4932805 -0.0166531 0.8697026
33.361650 -9.7365494 -0.0566195 11.0813046 -0.0045829 -0.5202611 -0.0210388 0.8537357
33.569020 -9.7717733 -0.0572278 11.0916872 -0.0037727 -0.5491554 -0.0199919 0.8354726
33.776420 -9.8137312 -0.0562654 11.1018639 -0.0013756 -0.5820230 -0.0181010 0.8129697
33.983650 -9.8622627 -0.0552551 11.1096621 -0.0012589 -0.6177691 -0.0171067 0.7861724
34.191020 -9.9173126 -0.0539863 11.1130161 -0.0007213 -0.6557159 -0.0154687 0.7548488
34.398420 -9.9778223 -0.0528634 11.1098804 -0.0023270 -0.6934990 -0.0156894 0.7202830
34.605900 -10.0426178 -0.0507702 11.1019459 -0.0061763 -0.7312092 -0.0152844 0.6819541
34.813400 -10.1114292 -0.0480255 11.0857697 -0.0090419 -0.7667943 -0.0145347 0.6416647
35.021020 -10.1873713 -0.0451443 11.0610228 -0.0113734 -0.7990314 -0.0139646 0.6010196
35.228670 -10.2655497 -0.0424232 11.0270929 -0.0150762 -0.8281466 -0.0115851 0.5601890
35.436400 -10.3459377 -0.0402190 10.9830017 -0.0185994 -0.8535282 -0.0097473 0.5206233
35.644400 -10.4297724 -0.0372347 10.9283800 0.0198029 0.8742448 0.0090592 -0.4849968
35.957050 -10.5645638 -0.0329575 10.8265390 0.0180574 0.8933824 0.0091756 -0.4488403
36.165670 -10.6604252 -0.0295315 10.7493248 0.0179335 0.9002349 0.0095920 -0.4349292
36.374170 -10.7613792 -0.0265710 10.6657934 0.0194267 0.9050019 0.0098122 -0.4248505
36.478420 -10.8126745 -0.0249266 10.6214466 0.0192101 0.9066733 0.0102448 -0.4212714
36.582670 -10.8652229 -0.0232877 10.5753307 0.0190411 0.9081619 0.0106013 -0.4180515
36.686900 -10.9192772 -0.0212260 10.5286045 0.0193333 0.9093672 0.0105864 -0.4154100
36.791110 -10.9749069 -0.0194082 10.4799738 0.0197155 0.9103015 0.0106696 -0.4133384
36.999490 -11.0888300 -0.0154235 10.3796387 0.0205482 0.9111800 0.0106698 -0.4113575
37.207650 -11.2070093 -0.0117221 10.2742558 0.0205922 0.9115444 0.0098982 -0.4105665
37.415890 -11.3301640 -0.0066937 10.1649408 0.0207504 0.9119452 0.0095360 -0.4096760
37.624150 -11.4577541 -0.0029149 10.0498552 0.0209297 0.9123058 0.0121347 -0.4087944
37.832280 -11.5877094 0.0011047 9.9330215 0.0209257 0.9127036 0.0110791 -0.4079356
38.040280 -11.7222271 0.0061615 9.8122253 0.0223235 0.9130782 0.0093949 -0.4070647
38.248280 -11.8589582 0.0098046 9.6885929 0.0227722 0.9135679 0.0076913 -0.4059754
38.456150 -11.9983244 0.0134839 9.5615225 0.0201629 0.9141457 0.0043755 -0.4048604
38.664150 -12.1403227 0.0164031 9.4301405 0.0183796 0.9140588 0.0055952 -0.4051263
38.872030 -12.2857857 0.0186324 9.2977428 0.0197328 0.9141515 0.0080651 -0.4048119
39.079900 -12.4310188 0.0218048 9.1656122 0.0209998 0.9142835 0.0090227 -0.4044296
39.287780 -12.5739241 0.0239687 9.0338316 0.0204367 0.9143076 0.0098446 -0.4043848
39.495830 -12.7180405 0.0282709 8.9006500 0.0207176 0.9143662 0.0108322 -0.4042128
39.703630 -12.8628349 0.0318317 8.7692051 0.0211425 0.9146616 0.0110536 -0.4035158
40.015280 -13.0765581 0.0376072 8.5726147 0.0217717 0.9152820 0.0100506 -0.4020994
40.223030 -13.2183781 0.0412702 8.4407377 0.0215347 0.9156850 0.0096625 -0.4012030
40.430770 -13.3595924 0.0444630 8.3090992 0.0202697 0.9158655 0.0095686 -0.4008590
40.638670 -13.4991388 0.0472924 8.1785412 0.0181165 0.9156806 0.0106759 -0.4013563
40.846410 -13.6396971 0.0505901 8.0479221 0.0166548 0.9151537 0.0097732 -0.4026422
41.054600 -13.7810755 0.0536783 7.9184794 0.0182137 0.9145043 0.0102625 -0.4040355
41.262460 -13.9229250 0.0575795 7.7896566 0.0231828 0.9138853 0.0145097 -0.4050502
41.469820 -14.0642519 0.0626955 7.6609483 0.0227728 0.9137630 0.0131025 -0.4053971
41.677410 -14.2033243 0.0672863 7.5338655 0.0218700 0.9137762 0.0109016 -0.4054822
41.885060 -14.3430929 0.0711060 7.4065309 0.0229516 0.9138641 0.0128862 -0.4051661
42.092740 -14.4819212 0.0754964 7.2800498 0.0225586 0.9142075 0.0112352 -0.4044621
42.300170 -14.6187820 0.0795263 7.1546636 0.0235048 0.9145138 0.0137866 -0.4036360
42.507790 -14.7544012 0.0844427 7.0299635 0.0249756 0.9147552 0.0150294 -0.4029556
42.715290 -14.8868790 0.0894434 6.9078488 0.0249564 0.9150840 0.0131601 -0.4022751
42.922920 -15.0192223 0.0946624 6.7853365 0.0229709 0.9149776 0.0130306 -0.4026396
43.130550 -15.1505356 0.0989781 6.6638083 0.0214429 0.9146863 0.0134861 -0.4033701
43.338330 -15.2823639 0.1037297 6.5438218 0.0216635 0.9144934 0.0136351 -0.4037904
43.545910 -15.4118567 0.1073111 6.4241719 0.0203145 0.9142270 0.0129406 -0.4044859
43.753650 -15.5418034 0.1114946 6.3067565 0.0226095 0.9139389 0.0126687 -0.4050235
43.961280 -15.6691351 0.1152129 6.1919122 0.0224297 0.9138765 0.0114270 -0.4052112
44.169050 -15.7940464 0.1186879 6.0787868 0.0223079 0.9135811 0.0082150 -0.4059610
44.376660 -15.9164438 0.1210648 5.9671259 0.0212023 0.9133590 0.0099144 -0.4064818
44.584310 -16.0352821 0.1229584 5.8594522 0.0208443 0.9134396 0.0097334 -0.4063237
44.792180 -16.1509857 0.1250631 5.7550936 0.0208160 0.9134526 0.0096769 -0.4062972
44.999710 -16.2626476 0.1273887 5.6531816 0.0201117 0.9134815 0.0099761 -0.4062604
45.207330 -16.3721981 0.1298074 5.5528927 0.0209159 0.9134540 0.0111614 -0.4062509
45.415240 -16.4798279 0.1326398 5.4567943 0.0222534 0.9135944 0.0126703 -0.4058195
45.622980 -16.5831280 0.1357612 5.3635159 0.0244137 0.9137934 0.0127763 -0.4052434
45.831090 -16.6818981 0.1381057 5.2734647 0.0249311 0.9141985 0.0128042 -0.4042964
46.038180 -16.7760925 0.1406525 5.1866417 0.0263171 0.9149444 0.0114274 -0.4025588
46.349680 -16.9098148 0.1443067 5.0606894 0.0296442 0.9193259 0.0087558 -0.3922812
46.557220 -16.9913540 0.1468966 4.9775395 0.0319162 0.9242263 0.0080702 -0.3804235
46.764550 -17.0674496 0.1484048 4.8943701 0.0351757 0.9309387 0.0070037 -0.3634100
47.075560 -17.1665878 0.1511877 4.7681174 0.0365664 0.9444203 0.0071932 -0.3266211
47.282920 -17.2213726 0.1522552 4.6828465 0.0339829 0.9547194 0.0094261 -0.2954101
47.490160 -17.2674961 0.1537686 4.5964274 0.0332553 0.9656590 0.0108793 -0.2574461
47.697410 -17.3012695 0.1544129 4.5108147 0.0273749 0.9766616 0.0116844 -0.2127118
47.904910 -17.3254013 0.1546613 4.4243069 0.0172966 0.9857469 0.0112161 -0.1669670
48.112290 -17.3425865 0.1544736 4.3364296 0.0131502 0.9928636 0.0091174 -0.1181769
48.319780 -17.3514919 0.1549559 4.2479982 0.0127804 0.9975518 0.0100928 -0.0680085
48.527420 -17.3491840 0.1552788 4.1584320 0.0043680 0.9997340 0.0148134 -0.0171305
48.734910 -17.3389168 0.1557886 4.0707960 0.0053725 0.9992568 0.0165321 0.0344041
48.942530 -17.3213615 0.1558293 3.9857800 0.0119067 0.9961537 0.0150135 0.0855027
49.046410 -17.3091412 0.1559207 3.9448624 0.0124807 0.9936723 0.0141816 0.1107180
49.254030 -17.2784519 0.1573264 3.8649948 0.0131726 0.9868034 0.0120436 0.1609363
49.461780 -17.2405663 0.1583022 3.7861295 0.0175004 0.9776074 0.0120180 0.2093633
49.669780 -17.1930790 0.1578763 3.7095983 0.0138810 0.9675238 0.0146946 0.2519705
49.773780 -17.1672573 0.1582517 3.6715543 0.0148194 0.9625409 0.0168596 0.2702057
49.878030 -17.1403942 0.1587235 3.6334267 0.0165862 0.9578277 0.0184389 0.2862708
49.982180 -17.1118412 0.1589010 3.5960379 0.0164573 0.9534174 0.0189120 0.3006105
50.086410 -17.0819607 0.1591081 3.5589592 0.0159283 0.9494683 0.0193592 0.3128602
50.190690 -17.0511169 0.1596638 3.5217381 0.0151998 0.9460548 0.0188583 0.3231000
50.295050 -17.0193844 0.1601878 3.4841559 0.0149078 0.9432367 0.0185123 0.3312696
50.399300 -16.9864025 0.1604516 3.4465654 0.0142471 0.9410105 0.0179017 0.3376030
50.503680 -16.9531555 0.1607360 3.4090445 0.0134151 0.9391875 0.0172316 0.3427097
50.608030 -16.9189186 0.1611691 3.3703713 0.0128616 0.9376748 0.0157958 0.3469165
50.816730 -16.8477077 0.1622614 3.2901235 0.0143202 0.9354662 0.0151769 0.3527997
51.025280 -16.7725754 0.1624871 3.2073317 0.0151515 0.9341140 0.0145855 0.3563547
51.233800 -16.6936283 0.1630024 3.1226926 0.0118730 0.9333975 0.0127539 0.3584208
51.442160 -16.6115093 0.1641957 3.0310695 0.0153740 0.9332637 0.0145582 0.3585674
51.650530 -16.5250282 0.1638656 2.9358335 0.0141735 0.9334993 0.0115374 0.3581133
51.858780 -16.4345074 0.1643033 2.8366337 0.0152560 0.9337256 0.0060279 0.3576135
52.066910 -16.3388767 0.1639223 2.7297218 0.0151744 0.9339089 0.0071839 0.3571167
52.275030 -16.2376270 0.1625382 2.6204350 0.0101060 0.9340155 0.0074287 0.3570123
52.483160 -16.1337223 0.1627790 2.5052497 0.0088908 0.9338998 0.0094352 0.3572997
52.691180 -16.0239544 0.1634014 2.3841155 0.0067348 0.9339406 0.0118426 0.3571684
52.899160 -15.9111834 0.1644088 2.2605951 0.0065408 0.9337811 0.0087271 0.3576786
53.107160 -15.7952213 0.1651100 2.1310713 0.0075854 0.9336575 0.0125873 0.3578656
53.315160 -15.6773224 0.1659758 1.9992989 0.0098078 0.9335980 0.0143458 0.3579004
53.523150 -15.5555944 0.1671069 1.8640049 0.0143752 0.9335611 0.0118044 0.3579352
53.731040 -15.4316635 0.1676286 1.7261229 0.0148090 0.9337674 0.0101628 0.3574296
53.938910 -15.3050318 0.1661133 1.5860218 0.0128455 0.9339532 0.0128412 0.3569336
54.146780 -15.1796341 0.1664101 1.4456760 0.0154500 0.9340582 0.0158874 0.3564326
54.354660 -15.0558929 0.1669195 1.3036731 0.0195652 0.9339214 0.0198132 0.3563923
54.562530 -14.9314785 0.1684880 1.1642033 0.0206776 0.9337953 0.0262776 0.3562418
54.770420 -14.8084946 0.1705372 1.0267861 0.0224800 0.9340202 0.0219076 0.3558384
54.978530 -14.6873465 0.1708550 0.8920867 0.0248539 0.9344702 0.0166790 0.3547810
55.185920 -14.5662537 0.1713960 0.7562637 0.0238338 0.9347309 0.0189365 0.3540500
55.393730 -14.4462967 0.1708431 0.6217401 0.0221243 0.9355497 0.0192824 0.3519737
55.601700 -14.3288164 0.1710112 0.4897879 0.0192138 0.9384708 0.0187006 0.3443163
55.809690 -14.2192698 0.1720153 0.3560855 0.0200641 0.9429269 0.0190872 0.3318464
56.017930 -14.1158009 0.1733168 0.2155356 0.0223447 0.9489830 0.0229336 0.3136975
56.226190 -14.0207062 0.1763428 0.0737368 0.0246757 0.9568826 0.0241069 0.2884192
56.434670 -13.9336243 0.1799602 -0.0749041 0.0273375 0.9656379 0.0254608 0.2571922
56.643030 -13.8594074 0.1823318 -0.2249003 0.0308118 0.9735845 0.0211277 0.2252499
56.851430 -13.7941046 0.1835495 -0.3767847 0.0308147 0.9807515 0.0130522 0.1923710
57.059650 -13.7382669 0.1831147 -0.5327520 0.0276152 0.9862883 0.0122436 0.1622431
57.163560 -13.7136545 0.1829535 -0.6114259 0.0282865 0.9883111 0.0115616 0.1493570
57.371290 -13.6700296 0.1838844 -0.7720608 0.0293243 0.9911647 0.0112756 0.1288625
57.475150 -13.6497631 0.1839245 -0.8534396 0.0276291 0.9923840 0.0139040 0.1192369
57.579070 -13.6313572 0.1847632 -0.9366171 0.0276779 0.9934329 0.0150255 0.1099968
57.682930 -13.6144371 0.1860548 -1.0197057 0.0275365 0.9943891 0.0147487 0.1010673
57.786690 -13.5983934 0.1870640 -1.1028996 0.0271993 0.9952223 0.0125457 0.0929262
57.890570 -13.5837040 0.1876249 -1.1874199 0.0289044 0.9958353 0.0111212 0.0857490
58.098070 -13.5574408 0.1903559 -1.3609602 0.0342188 0.9962735 0.0178343 0.0771369
58.305440 -13.5303154 0.1945560 -1.5371156 0.0347313 0.9963596 0.0223373 0.0745801
58.512810 -13.5024023 0.1985740 -1.7141063 0.0305662 0.9966384 0.0185527 0.0737122
58.720450 -13.4720030 0.2025385 -1.8963484 0.0239640 0.9968784 0.0169275 0.0732977
58.927820 -13.4432774 0.2060854 -2.0819042 0.0217468 0.9968357 0.0186877 0.0741381
59.031700 -13.4285965 0.2080955 -2.1745341 0.0215515 0.9967998 0.0189152 0.0746191
59.239170 -13.3987703 0.2119761 -2.3630776 0.0199267 0.9967750 0.0172302 0.0757995
59.446780 -13.3675280 0.2152883 -2.5530589 0.0174118 0.9968532 0.0154397 0.0757771
59.550680 -13.3525066 0.2161176 -2.6489635 0.0161514 0.9969172 0.0156524 0.0751685
59.654550 -13.3376503 0.2175238 -2.7444203 0.0153269 0.9969912 0.0158241 0.0743185
59.862460 -13.3083057 0.2204931 -2.9344912 0.0146850 0.9971076 0.0159339 0.0728487
60.069690 -13.2797050 0.2226414 -3.1218846 0.0141105 0.9971638 0.0180859 0.0716803
60.277190 -13.2531776 0.2255257 -3.3066306 0.0128646 0.9972234 0.0182985 0.0710298
60.484800 -13.2261353 0.2277714 -3.4887214 0.0125128 0.9973150 0.0164711 0.0702495
60.692600 -13.1990881 0.2297583 -3.6688144 0.0121845 0.9974042 0.0172671 0.0688350
60.900200 -13.1725321 0.2322766 -3.8485239 0.0113094 0.9975992 0.0179100 0.0659321
61.107700 -13.1454926 0.2348674 -4.0244389 0.0101278 0.9978593 0.0168404 0.0623748
61.315290 -13.1243343 0.2377253 -4.1909041 0.0100566 0.9980061 0.0182055 0.0595926
61.522950 -13.1053648 0.2404447 -4.3545880 0.0108116 0.9981201 0.0190304 0.0572462
61.730990 -13.0858183 0.2433075 -4.5171409 0.0109870 0.9982594 0.0182971 0.0549792
61.938390 -13.0665874 0.2456429 -4.6784825 0.0100358 0.9983387 0.0186670 0.0535781
62.145930 -13.0489359 0.2473516 -4.8375111 0.0097779 0.9984260 0.0158369 0.0529069
62.353660 -13.0310707 0.2487338 -4.9931955 0.0096968 0.9984526 0.0139685 0.0529461
62.561290 -13.0138321 0.2503612 -5.1470094 0.0109213 0.9983944 0.0149917 0.0535215
62.769050 -12.9960241 0.2522205 -5.3008761 0.0121044 0.9983254 0.0159112 0.0542836
62.976670 -12.9781094 0.2538287 -5.4534020 0.0113789 0.9982798 0.0165573 0.0550817
63.184460 -12.9600086 0.2557235 -5.6040115 0.0127300 0.9982196 0.0152712 0.0562345
63.288240 -12.9501953 0.2563019 -5.6787591 0.0131658 0.9981512 0.0148063 0.0574605
63.495820 -12.9313917 0.2571533 -5.8269181 0.0124551 0.9980193 0.0138598 0.0600847
63.703640 -12.9123306 0.2584738 -5.9722075 0.0122414 0.9979452 0.0136049 0.0614040
63.807440 -12.9025602 0.2586976 -6.0441089 0.0114544 0.9979333 0.0147096 0.0614951
64.015770 -12.8840685 0.2596079 -6.1852040 0.0105233 0.9979676 0.0162106 0.0607215
64.119460 -12.8748789 0.2601704 -6.2542076 0.0099013 0.9980233 0.0162819 0.0598853
64.223410 -12.8661499 0.2608801 -6.3223944 0.0089395 0.9980984 0.0161626 0.0588092
64.327430 -12.8581972 0.2614158 -6.3889828 0.0085564 0.9982095 0.0163442 0.0568974
64.431450 -12.8505516 0.2619473 -6.4544725 0.0088706 0.9983637 0.0163522 0.0540713
64.535560 -12.8436594 0.2625077 -6.5187883 0.0092555 0.9985504 0.0164063 0.0504203
64.639590 -12.8380814 0.2634444 -6.5809693 0.0100397 0.9987295 0.0166405 0.0464950
64.743580 -12.8329582 0.2639408 -6.6417170 0.0111916 0.9988788 0.0174360 0.0425666
64.847590 -12.8287125 0.2642587 -6.7010942 0.0129830 0.9990125 0.0177539 0.0386025
65.055500 -12.8216906 0.2656316 -6.8144984 0.0145874 0.9992424 0.0183365 0.0310743
65.263460 -12.8160954 0.2666802 -6.9194803 0.0153354 0.9994218 0.0181292 0.0243340
65.471470 -12.8122759 0.2678941 -7.0155954 0.0165089 0.9995357 0.0176622 0.0185445
65.679310 -12.8102522 0.2691123 -7.1029301 0.0183329 0.9995758 0.0179066 0.0138385
65.887300 -12.8083725 0.2702023 -7.1816978 0.0189529 0.9995862 0.0192881 0.0098106
66.095340 -12.8073101 0.2703994 -7.2518263 0.0198758 0.9995756 0.0201753 0.0068201
66.199080 -12.8073845 0.2708626 -7.2829051 0.0209345 0.9995567 0.0203456 0.0058467
66.407050 -12.8056784 0.2718559 -7.3390613 0.0213727 0.9995314 0.0214815 0.0043271
66.614800 -12.8058319 0.2733058 -7.3857522 0.0199666 0.9995608 0.0211861 0.0055470
67.031610 -12.8026438 0.2727574 -7.4532948 0.0173016 0.9996220 0.0189077 0.0099453
68.173980 -12.7932291 0.2755358 -7.5794458 0.0141913 0.9991781 0.0168962 0.0340042
75.871360 -12.7747059 0.2753200 -7.6338339 0.0124907 0.9945470 0.0150160 0.1024441
76.079100 -12.7698402 0.2753838 -7.6437221 0.0118365 0.9926928 0.0129251 0.1193896
76.702070 -12.7417927 0.2763070 -7.7013822 0.0107522 0.9832279 0.0163159 0.1813312
76.909690 -12.7274361 0.2767477 -7.7264190 0.0115670 0.9781697 0.0179614 0.2067068
77.324460 -12.6887245 0.2774998 -7.7817564 0.0130353 0.9623515 0.0213737 0.2706527
77.531820 -12.6608629 0.2780462 -7.8121023 0.0113237 0.9497862 0.0188473 0.3121260
77.739080 -12.6246071 0.2779263 -7.8471718 0.0135043 0.9326592 0.0177824 0.3600670
77.946530 -12.5776882 0.2798061 -7.8847394 0.0164631 0.9121268 0.0149592 0.4093041
78.153970 -12.5169439 0.2802830 -7.9236817 0.0173159 0.8891897 0.0150416 0.4569636
78.361560 -12.4439745 0.2800347 -7.9606123 0.0168264 0.8635818 0.0177245 0.5036161
78.569310 -12.3604841 0.2805293 -7.9938745 0.0172218 0.8347514 0.0233203 0.5498634
78.776930 -12.2652502 0.2809117 -8.0213804 0.0173346 0.8033211 0.0277787 0.5946453
78.984860 -12.1569729 0.2822568 -8.0414505 0.0175667 0.7713923 0.0305420 0.6353837
79.192960 -12.0387354 0.2835637 -8.0525341 0.0197739 0.7430645 0.0301403 0.6682482
79.401310 -11.9116096 0.2847133 -8.0557652 0.0203805 0.7223036 0.0273145 0.6907359
79.610070 -11.7726250 0.2852972 -8.0559397 0.0220054 0.7088323 0.0261622 0.7045481
79.714470 -11.6995306 0.2850144 -8.0547247 0.0230625 0.7035311 0.0262174 0.7098061
79.923050 -11.5506258 0.2835301 -8.0481520 0.0262670 0.6934111 0.0249290 0.7196316
80.131680 -11.3901367 0.2814315 -8.0372906 0.0267588 0.6838245 0.0222593 0.7288159
80.340300 -11.2209787 0.2786136 -8.0220156 0.0240186 0.6786225 0.0189751 0.7338491
80.444550 -11.1325073 0.2774434 -8.0133553 0.0231441 0.6779508 0.0177422 0.7345286
80.653190 -10.9502182 0.2740935 -7.9957623 0.0224336 0.6774592 0.0187661 0.7349786
80.861430 -10.7607403 0.2719680 -7.9785562 0.0228158 0.6747039 0.0192174 0.7374854
81.069680 -10.5644913 0.2694273 -7.9572191 0.0231222 0.6717396 0.0183991 0.7401978
81.277810 -10.3632479 0.2645649 -7.9356489 0.0217673 0.6679391 0.0193133 0.7436468
81.485930 -10.1562824 0.2615894 -7.9098787 0.0202370 0.6646048 0.0219263 0.7465990
81.694050 -9.9441299 0.2583394 -7.8820233 0.0205593 0.6642442 0.0206772 0.7469468
81.902180 -9.7270842 0.2547284 -7.8542733 0.0200488 0.6652279 0.0219550 0.7460482
82.110180 -9.5096140 0.2513969 -7.8248763 0.0198675 0.6663240 0.0242112 0.7450043
82.318180 -9.2932596 0.2482888 -7.7968988 0.0196791 0.6673075 0.0244174 0.7441218
82.526180 -9.0804596 0.2434793 -7.7688975 0.0205423 0.6683320 0.0230657 0.7432216
82.734050 -8.8662243 0.2405187 -7.7438302 0.0195528 0.6689935 0.0233160 0.7426451
82.942060 -8.6532192 0.2367430 -7.7206998 0.0191295 0.6692694 0.0233260 0.7424071
83.149930 -8.4412289 0.2329957 -7.6953931 0.0210427 0.6700558 0.0225854 0.7416686
83.357930 -8.2291107 0.2296998 -7.6714792 0.0180158 0.6704122 0.0235177 0.7413972
83.565930 -8.0185833 0.2269773 -7.6474223 0.0161393 0.6710025 0.0222557 0.7409452
83.669810 -7.9142828 0.2249458 -7.6362991 0.0163920 0.6711330 0.0215964 0.7408410
83.877560 -7.7048650 0.2219357 -7.6135221 0.0157859 0.6714801 0.0212300 0.7405502
84.085580 -7.4953933 0.2186460 -7.5913377 0.0161107 0.6717196 0.0222656 0.7402956
84.397140 -7.1854625 0.2136413 -7.5622549 0.0197490 0.6707063 0.0239777 0.7410722
84.604690 -6.9808550 0.2090470 -7.5406394 0.0191821 0.6683974 0.0255703 0.7431172
84.812320 -6.7780781 0.2066367 -7.5163279 0.0180126 0.6664657 0.0237017 0.7449411
85.020090 -6.5772338 0.2030532 -7.4908862 0.0177989 0.6646564 0.0224718 0.7465990
85.227440 -6.3763261 0.2004383 -7.4661055 0.0170807 0.6632799 0.0228895 0.7478263
85.331180 -6.2772455 0.1983968 -7.4531150 0.0164893 0.6628204 0.0230809 0.7482409
85.538870 -6.0784044 0.1953848 -7.4264092 0.0150498 0.6622161 0.0226800 0.7488183
85.642600 -5.9801192 0.1936137 -7.4130163 0.0145147 0.6623936 0.0224808 0.7486779
85.850400 -5.7823381 0.1915752 -7.3870716 0.0143122 0.6633825 0.0213059 0.7478401
86.058060 -5.5873690 0.1883310 -7.3619261 0.0157312 0.6651269 0.0230084 0.7462100
86.266420 -5.3924713 0.1857195 -7.3385305 0.0185568 0.6670517 0.0242771 0.7443845
86.577490 -5.1008763 0.1811382 -7.3053031 0.0170403 0.6698252 0.0261372 0.7418630
86.785510 -4.9077682 0.1797505 -7.2843385 0.0166623 0.6715184 0.0246054 0.7403917
86.992950 -4.7159877 0.1770662 -7.2638078 0.0182059 0.6730646 0.0223138 0.7390227
87.200570 -4.5251694 0.1742211 -7.2452469 0.0192498 0.6740152 0.0217525 0.7381462
87.408330 -4.3355980 0.1705697 -7.2274761 0.0173850 0.6740691 0.0233758 0.7380936
87.616060 -4.1474195 0.1681790 -7.2084022 0.0144426 0.6737061 0.0223076 0.7385215
87.823570 -3.9590690 0.1668638 -7.1879811 0.0120527 0.6735309 0.0187573 0.7388228
88.135050 -3.6798129 0.1621375 -7.1587915 0.0111170 0.6730341 0.0155246 0.7393649
88.342600 -3.4923229 0.1597455 -7.1399565 0.0111683 0.6725744 0.0185243 0.7397133
88.550190 -3.3075864 0.1579043 -7.1205292 0.0103491 0.6718960 0.0220831 0.7402439
88.757820 -3.1253626 0.1569859 -7.1008873 0.0142655 0.6714592 0.0201204 0.7406310
88.965560 -2.9434171 0.1553880 -7.0813994 0.0149053 0.6712268 0.0192799 0.7408513
89.277420 -2.6732414 0.1496794 -7.0516992 0.0183572 0.6715513 0.0192678 0.7404800
89.485130 -2.4954197 0.1462261 -7.0328135 0.0189582 0.6722271 0.0211134 0.7398010
89.796830 -2.2291455 0.1420304 -7.0061789 0.0178538 0.6732292 0.0226269 0.7388719
90.108700 -1.9701264 0.1378720 -6.9794993 0.0161786 0.6745930 0.0218238 0.7376897
90.316520 -1.7979984 0.1354199 -6.9628315 0.0162308 0.6753845 0.0227207 0.7369370
90.524330 -1.6292698 0.1331973 -6.9474163 0.0160392 0.6760139 0.0223293 0.7363758
90.732220 -1.4638835 0.1302391 -6.9313436 0.0141406 0.6768298 0.0220315 0.7356738
90.940100 -1.3047347 0.1287677 -6.9178829 0.0130694 0.6772097 0.0220724 0.7353427
91.148110 -1.1526010 0.1274752 -6.9043360 0.0124745 0.6769332 0.0224404 0.7355965
91.355930 -1.0106992 0.1267970 -6.8910241 0.0131936 0.6749031 0.0212711 0.7374817
91.667690 -0.8091744 0.1238424 -6.8681331 0.0126609 0.6700118 0.0190201 0.7419987
91.979540 -0.6243485 0.1203278 -6.8428154 0.0162541 0.6600614 0.0187364 0.7508020
92.291780 -0.4576346 0.1158276 -6.8109159 0.0164151 0.6459168 0.0185846 0.7630051
92.498710 -0.3573217 0.1133638 -6.7886271 0.0158109 0.6335635 0.0189465 0.7732971
92.812670 -0.2175162 0.1106833 -6.7484207 0.0152224 0.6100518 0.0157545 0.7920586
93.017610 -0.1310023 0.1078319 -6.7180266 0.0139950 0.5914271 0.0147584 0.8061019
93.225060 -0.0504025 0.1052608 -6.6839228 0.0146661 0.5681896 0.0127493 0.8226683
93.432440 0.0247248 0.1028828 -6.6453061 0.0176169 0.5379422 0.0112172 0.8427230
93.639690 0.0944350 0.0995371 -6.6009750 0.0180400 0.4986879 0.0144677 0.8664731
93.847210 0.1563488 0.0962817 -6.5495958 0.0156970 0.4538386 0.0107627 0.8908806
94.054400 0.2113164 0.0934213 -6.4939909 0.0177876 0.4068901 0.0088211 0.9132613
94.261830 0.2602749 0.0904176 -6.4342079 0.0172955 0.3593286 0.0078522 0.9330178
94.365720 0.2815633 0.0881236 -6.4012327 0.0142773 0.3356958 0.0038097 0.9418545
94.573250 0.3219456 0.0857683 -6.3330564 0.0088045 0.2861425 0.0018034 0.9581449
94.677090 0.3403240 0.0845716 -6.2970943 0.0059049 0.2614936 0.0036452 0.9651803
94.884790 0.3677654 0.0822668 -6.2207732 -0.0021033 0.2127894 -0.0025585 0.9770924
95.092440 0.3897911 0.0810755 -6.1424737 -0.0024430 0.1641697 -0.0047807 0.9864175
95.300440 0.4074819 0.0800399 -6.0603290 -0.0013748 0.1220259 -0.0044202 0.9925161
95.508570 0.4177467 0.0795760 -5.9752479 -0.0013487 0.0865702 -0.0104518 0.9961900
95.717080 0.4262942 0.0785445 -5.8856359 -0.0019352 0.0613676 -0.0117010 0.9980448
95.925440 0.4323741 0.0775790 -5.7930517 -0.0020013 0.0418392 -0.0106773 0.9990653
96.133950 0.4366138 0.0766369 -5.6957383 -0.0007168 0.0272941 -0.0106368 0.9995706
96.238190 0.4373815 0.0761984 -5.6443329 -0.0003950 0.0200777 -0.0110558 0.9997372
96.342320 0.4374287 0.0756418 -5.5922999 -0.0003393 0.0134077 -0.0106732 0.9998531
96.446460 0.4368756 0.0754281 -5.5376410 -0.0001362 0.0066004 -0.0104056 0.9999241
96.654710 0.4342516 0.0743632 -5.4251490 -0.0000692 -0.0069118 -0.0090514 0.9999352
96.863080 0.4277798 0.0729910 -5.3057551 0.0011986 -0.0158277 -0.0103869 0.9998201
97.071450 0.4202874 0.0713609 -5.1810923 0.0019438 -0.0207245 -0.0100386 0.9997329
97.279720 0.4130159 0.0698972 -5.0501537 0.0013710 -0.0236664 -0.0094815 0.9996740
97.487940 0.4056488 0.0686063 -4.9154291 -0.0005755 -0.0267050 -0.0079010 0.9996120
97.696240 0.3962902 0.0664554 -4.7797370 -0.0030435 -0.0296805 -0.0073764 0.9995276
98.008320 0.3809489 0.0644116 -4.5760217 -0.0043845 -0.0347380 -0.0041777 0.9993781
98.216470 0.3702577 0.0634196 -4.4418111 -0.0041857 -0.0382832 -0.0035583 0.9992518
98.424320 0.3577200 0.0622059 -4.3070092 -0.0043050 -0.0403659 -0.0041683 0.9991670
98.632320 0.3454064 0.0607142 -4.1720304 -0.0041703 -0.0413109 -0.0050520 0.9991249
98.840320 0.3331097 0.0597809 -4.0373683 -0.0045302 -0.0415214 -0.0045763 0.9991169
99.048200 0.3205486 0.0587253 -3.9030955 -0.0055600 -0.0416124 -0.0045735 0.9991079
99.256070 0.3079754 0.0580002 -3.7698145 -0.0059250 -0.0415968 -0.0044619 0.9991069
99.464100 0.2962680 0.0571797 -3.6377883 -0.0053074 -0.0411653 -0.0047601 0.9991269
99.671950 0.2841942 0.0564894 -3.5070205 -0.0049735 -0.0398037 -0.0045721 0.9991847
99.879940 0.2733458 0.0553621 -3.3793399 -0.0054333 -0.0385599 -0.0035347 0.9992353
100.087800 0.2631568 0.0545072 -3.2557335 -0.0073466 -0.0373577 -0.0043398 0.9992655
100.295700 0.2532369 0.0532748 -3.1368749 -0.0059192 -0.0364826 -0.0033043 0.9993113
100.503700 0.2436011 0.0525169 -3.0219171 -0.0029103 -0.0357625 -0.0044291 0.9993463
100.815600 0.2291868 0.0495125 -2.8533192 -0.0017658 -0.0349681 -0.0061789 0.9993678
101.023600 0.2199690 0.0476602 -2.7438667 -0.0006510 -0.0345459 -0.0072531 0.9993766
101.231500 0.2109105 0.0460290 -2.6363945 -0.0001329 -0.0345767 -0.0085067 0.9993659
101.439300 0.2016324 0.0443537 -2.5303948 -0.0008090 -0.0348231 -0.0082054 0.9993595
101.647200 0.1929837 0.0423739 -2.4253533 -0.0005510 -0.0357813 -0.0078314 0.9993288
101.855100 0.1844273 0.0406622 -2.3220775 0.0004607 -0.0373234 -0.0077125 0.9992734
102.166900 0.1712829 0.0375410 -2.1696293 0.0006269 -0.0401157 -0.0072895 0.9991683
102.478700 0.1575583 0.0347099 -2.0185304 -0.0005456 -0.0428934 -0.0059940 0.9990615
102.686600 0.1474069 0.0331886 -1.9197848 -0.0014610 -0.0444445 -0.0064813 0.9989898
102.894400 0.1377268 0.0317253 -1.8234526 -0.0019320 -0.0453302 -0.0065129 0.9989489
103.102400 0.1285390 0.0303402 -1.7308040 -0.0019970 -0.0450773 -0.0073847 0.9989542
103.414300 0.1154126 0.0276676 -1.6001823 -0.0019090 -0.0427184 -0.0076491 0.9990560
103.726300 0.1044042 0.0255945 -1.4769149 -0.0011303 -0.0407172 -0.0078205 0.9991395
104.038400 0.0945927 0.0234942 -1.3631933 -0.0014470 -0.0388942 -0.0078608 0.9992114
104.251000 0.0889717 0.0222874 -1.2931086 -0.0019631 -0.0379448 -0.0072073 0.9992519
104.455200 0.0837591 0.0210695 -1.2296382 -0.0030842 -0.0370592 -0.0081711 0.9992749
104.662200 0.0791315 0.0202915 -1.1733636 -0.0025922 -0.0361327 -0.0078872 0.9993125
104.870200 0.0755269 0.0190792 -1.1237028 -0.0021956 -0.0354926 -0.0073176 0.9993407
105.078600 0.0718226 0.0182524 -1.0777138 -0.0014111 -0.0349615 -0.0074796 0.9993597
105.286000 0.0686188 0.0175606 -1.0341347 0.0004276 -0.0345354 -0.0070649 0.9993784
105.494000 0.0652582 0.0167379 -0.9906217 0.0002663 -0.0342292 -0.0070064 0.9993894
105.701800 0.0621228 0.0159596 -0.9476522 -0.0001663 -0.0340663 -0.0064879 0.9993985
105.909700 0.0590634 0.0151881 -0.9056008 -0.0003453 -0.0341854 -0.0065049 0.9993943
106.429300 0.0500058 0.0133529 -0.8032436 -0.0004323 -0.0416080 -0.0050979 0.9991209
106.637700 0.0446591 0.0126793 -0.7636936 -0.0001988 -0.0490725 -0.0061279 0.9987764
106.845000 0.0384573 0.0122120 -0.7237435 0.0000611 -0.0540794 -0.0077290 0.9985067
107.156800 0.0303413 0.0112178 -0.6649559 0.0003428 -0.0610513 -0.0074354 0.9981069
107.468800 0.0215431 0.0102496 -0.6071344 0.0008871 -0.0617432 -0.0098937 0.9980426
107.780900 0.0150801 0.0084605 -0.5503032 0.0002244 -0.0590912 -0.0094301 0.9982080
108.093000 0.0088749 0.0076476 -0.4943309 0.0006321 -0.0551212 -0.0090208 0.9984387
108.405100 0.0029161 0.0071684 -0.4383689 0.0006973 -0.0492506 -0.0088194 0.9987473
108.717000 -0.0022059 0.0064041 -0.3795089 0.0028974 -0.0427002 -0.0084978 0.9990476
109.028800 -0.0069563 0.0049574 -0.3120479 0.0026549 -0.0354430 -0.0076777 0.9993387
109.340700 -0.0102244 0.0038126 -0.2368884 0.0008606 -0.0278771 -0.0055169 0.9995958
109.652600 -0.0141864 0.0026080 -0.1551875 -0.0003127 -0.0210803 -0.0051873 0.9997643
110.172100 -0.0188148 -0.0001153 -0.0049656 0.0020590 -0.0143597 -0.0028783 0.9998906
110.795600 -0.0183739 -0.0043451 0.1917534 0.0040915 -0.0024699 0.0044124 0.9999788
111.210200 -0.0297484 -0.0072035 0.3153672 0.0093297 -0.0353458 -0.0038980 0.9993240
111.625100 -0.0535559 -0.0104765 0.4343254 0.0010016 -0.0848167 -0.0078469 0.9963652
112.040200 -0.0865515 -0.0125092 0.5460747 -0.0046351 -0.1269501 -0.0117630 0.9918285
112.352500 -0.1116216 -0.0128088 0.6290026 -0.0072135 -0.1291418 -0.0180309 0.9914359
112.769200 -0.1327680 -0.0123605 0.7258667 -0.0106342 -0.1108981 -0.0129205 0.9936909
113.081600 -0.1391165 -0.0129172 0.7662339 -0.0095796 -0.0971505 -0.0117009 0.9951548
