1305031914.133245 0.0000000 0.0000000 0.0000000 0.0000000 0.0000000 0.0000000 1.0000000
1305031914.165013 0.0189336 0.0007557 -0.0057383 0.0010822 0.0083993 0.0109209 0.9999045
1305031914.197110 0.0350571 0.0027060 -0.0136978 0.0028408 0.0178044 0.0174555 0.9996850
1305031914.265074 0.0765920 -0.0004014 -0.0290995 0.0142053 0.0397228 0.0279823 0.9987178
1305031914.333148 0.1102016 0.0198108 -0.0478439 0.0253783 0.0560745 0.0265781 0.9977500
1305031914.365058 0.1260951 0.0265015 -0.0558720 0.0206076 0.0580937 0.0246490 0.9977940
1305031914.433060 0.1700065 0.0331535 -0.0709841 0.0091509 0.0525750 0.0227858 0.9983150
1305031914.497127 0.2172342 0.0428669 -0.0872368 0.0029851 0.0505702 0.0173123 0.9985660
1305031914.633055 0.2988099 0.0665222 -0.1204728 -0.0089584 0.0556498 -0.0004158 0.9984100
1305031914.865128 0.4132346 0.0788609 -0.1562706 -0.0306068 0.0672481 -0.0133338 0.9971776
1305031915.097024 0.5400577 0.0765854 -0.1902758 -0.0243874 0.0291127 -0.0276010 0.9988973
1305031915.233111 0.6148723 0.0760254 -0.2049679 -0.0034552 0.0110360 -0.0667506 0.9977027
1305031915.665003 0.8512955 0.0091951 -0.2124804 -0.0071482 -0.1088541 -0.1947135 0.9747750
1305031915.733046 0.8721601 0.0095145 -0.2129216 -0.0015306 -0.1157689 -0.2021342 0.9724901
1305031915.833049 0.9157638 -0.0090078 -0.2051313 -0.0129274 -0.1644243 -0.2197587 0.9615111
1305031915.933056 0.9704770 -0.0192153 -0.1866775 -0.0218014 -0.2065749 -0.2489336 0.9459829
1305031916.265060 1.1140157 -0.1155567 -0.1481221 0.0602551 -0.3313324 -0.2940427 0.8944982
1305031916.365121 1.1631937 -0.1446176 -0.1401528 0.1102189 -0.3544973 -0.3087869 0.8756906
1305031916.501025 1.1973345 -0.1727999 -0.1401814 0.1648731 -0.3674032 -0.2939749 0.8668394
1305031916.601238 1.2225949 -0.1924495 -0.1407868 0.1898243 -0.4073391 -0.2819584 0.8476680
1305031916.665139 1.2359720 -0.2106346 -0.1216967 0.2017572 -0.4318807 -0.2788768 0.8336671
1305031916.733056 1.2478594 -0.2274614 -0.1125708 0.2163620 -0.4478503 -0.2768264 0.8221830
1305031916.801088 1.2569588 -0.2456349 -0.0934553 0.2275460 -0.4672043 -0.2648542 0.8122778
1305031917.001132 1.2878972 -0.3213304 -0.0484729 0.2577316 -0.5211200 -0.2351021 0.7789322
1305031917.033155 1.2845539 -0.3213906 -0.0447812 0.2698037 -0.5281367 -0.2275682 0.7723278
1305031917.233102 1.2819430 -0.3210259 -0.0456498 0.3589610 -0.5451402 -0.1912930 0.7330595
1305031917.265163 1.2818084 -0.3212475 -0.0458517 0.3675362 -0.5486874 -0.1818096 0.7285633
1305031947.068973 0.4801807 0.2505239 -0.2925421 0.0438499 -0.0589759 -0.1187247 0.9902037
1305031947.469273 0.6135975 0.2369633 -0.2923912 0.0260954 -0.0821535 -0.1613910 0.9831189
1305031947.736979 0.7480754 0.1992445 -0.2652759 0.0561204 -0.1828323 -0.2353543 0.9529067
1305031947.868988 0.8270015 0.1846876 -0.2460251 0.0820152 -0.2229082 -0.2718737 0.9325610
1305031947.968976 0.8719149 0.1771294 -0.2307049 0.0856495 -0.2454408 -0.2957542 0.9192129
1305031948.168952 0.9333562 0.1343596 -0.1937969 0.0841958 -0.2760849 -0.3125090 0.9050007
1305031948.269041 0.9608660 0.1166785 -0.1651545 0.0856212 -0.2980781 -0.3259742 0.8930618
1305031948.368969 0.9953030 0.0822700 -0.1243055 0.0761216 -0.3099866 -0.3264568 0.8896852
1305031948.505024 1.0262277 0.0386603 -0.0639509 0.0609964 -0.3022904 -0.3303254 0.8920678
1305031949.005006 1.1397946 -0.1008787 0.1450998 -0.0237884 -0.2466921 -0.3496797 0.9034939
1305031949.137263 1.1554258 -0.1115003 0.1993575 -0.0814344 -0.2330251 -0.3656866 0.8974079
1305031949.268994 1.1757852 -0.1234053 0.2442469 -0.1214517 -0.2586830 -0.3960855 0.8726104
1305031949.368902 1.1954519 -0.1401825 0.2752702 -0.1314126 -0.2810463 -0.4243114 0.8507077
1305031949.568988 1.2135419 -0.2053745 0.3061618 -0.1287242 -0.3165381 -0.4645780 0.8169461
1305031949.668955 1.2127976 -0.2454808 0.3094246 -0.1063928 -0.3474377 -0.4711953 0.8037055
1305031949.768985 1.2095267 -0.2827044 0.3060417 -0.0722969 -0.3699498 -0.4660192 0.8004601
1305031949.904851 1.2036233 -0.3288345 0.3005852 -0.0115462 -0.4045773 -0.4447518 0.7989867
1305031950.036989 1.2054130 -0.3728430 0.2930725 0.0582249 -0.4151593 -0.4148857 0.8075410
1305031950.168914 1.1915963 -0.4232829 0.2748049 0.1320527 -0.4216023 -0.3477415 0.8269761
1305031950.269033 1.1921067 -0.4450181 0.2688951 0.2030807 -0.4291920 -0.2998993 0.8274133
1305031950.337197 1.1857790 -0.4479749 0.2721126 0.2406109 -0.4281712 -0.2818377 0.8242229
1305031950.536894 1.1823958 -0.4641618 0.2635283 0.3138514 -0.4495533 -0.2483673 0.7985693
1305031950.668910 1.1754893 -0.4679080 0.2579001 0.2987333 -0.4392354 -0.2429060 0.8116817
1305031950.736893 1.1724505 -0.4663513 0.2642231 0.2752273 -0.4369328 -0.2541088 0.8177826
1305031950.804899 1.1725453 -0.4665352 0.2632754 0.2417405 -0.4337984 -0.2721024 0.8242213
1305031950.869014 1.1714667 -0.4684928 0.2644334 0.2059290 -0.4274192 -0.2875922 0.8319836
1305031951.069013 1.1711988 -0.4688995 0.2670305 0.1333126 -0.4155559 -0.3285938 0.8375961
1305031951.204914 1.1964797 -0.4665775 0.2638625 0.0999806 -0.4132571 -0.3652720 0.8281297
1305031951.368840 1.2442844 -0.4619220 0.2168361 0.0750168 -0.3848356 -0.4672929 0.7924086
1305031951.436903 1.2752634 -0.4680717 0.2327192 0.0686509 -0.3795737 -0.4883033 0.7827967
1305031951.504916 1.3003910 -0.4790436 0.2565984 0.0553414 -0.3720236 -0.4974430 0.7817201
1305031951.569006 1.3204535 -0.4920033 0.2815369 0.0403772 -0.3609416 -0.4989686 0.7868426
1305031951.668929 1.3480278 -0.5161710 0.3218705 0.0215225 -0.3467050 -0.5037026 0.7909589
1305031951.868913 1.3828533 -0.5578914 0.4163008 -0.0238677 -0.3050425 -0.5073768 0.8055732
1305031951.904907 1.3838072 -0.5648040 0.4304171 -0.0309109 -0.2969619 -0.5072169 0.8084486
1305031952.368960 1.3675629 -0.6729039 0.5692194 -0.0404114 -0.3873965 -0.5666602 0.7260765
1305031952.504868 1.3497392 -0.7085896 0.5952807 -0.0382099 -0.3892166 -0.5578734 0.7320025
1305031952.568932 1.3382933 -0.7217274 0.6063465 -0.0316911 -0.3914735 -0.5534543 0.7344607
1305031952.868991 1.3071474 -0.7502645 0.6216857 0.0060557 -0.4820209 -0.5154720 0.7084545
1305031952.936984 1.3051308 -0.7571000 0.6246299 0.0233580 -0.5195392 -0.5091933 0.6857519
1305031953.304968 1.2860987 -0.8092318 0.6296059 0.0539292 -0.6002969 -0.5209274 0.6044584
1305031953.504919 1.2920661 -0.8167251 0.6040041 0.0525510 -0.6317613 -0.5125362 0.5791569
1305031953.604882 1.3037890 -0.8161532 0.5930455 0.0394352 -0.6337894 -0.5157299 0.5751336
1305031953.772886 1.3195428 -0.8106869 0.5729477 0.0031192 -0.6124933 -0.5155288 0.5992264
1305031953.872987 1.3298529 -0.8058683 0.5715158 -0.0193472 -0.5918539 -0.5061906 0.6269815
1305031953.972857 1.3388371 -0.7995795 0.5690112 -0.0245080 -0.5543370 -0.5042991 0.6616588
1305031954.136939 1.3541051 -0.7907351 0.5412361 -0.0020011 -0.4817582 -0.5164487 0.7079448
1305031954.372872 1.3685400 -0.7640152 0.4615069 0.0345074 -0.4293873 -0.5057775 0.7474121
1305031954.636862 1.3741640 -0.7166950 0.3586758 0.0343319 -0.3817479 -0.4848418 0.7861414
1305031954.736939 1.3841455 -0.6853559 0.3257677 0.0502544 -0.3839687 -0.4773689 0.7887721
1305031954.873001 1.3818992 -0.6592667 0.2863654 0.0586808 -0.3807638 -0.4746625 0.7913728
1305031955.104929 1.3858784 -0.6065490 0.2462264 0.0615155 -0.3451418 -0.4677148 0.8113790
1305031955.636881 1.3777376 -0.5606266 0.2376862 0.0262178 -0.3070360 -0.4673571 0.8286247
1305031955.937291 1.3807305 -0.5643992 0.2357186 0.0241040 -0.3092626 -0.4546254 0.8349200
1305031956.136924 1.3857942 -0.5690458 0.2322830 0.0288109 -0.3096136 -0.4480698 0.8381783
