1305031914.133245 0.0000000 0.0000000 0.0000000 0.0000000 0.0000000 0.0000000 1.0000000
1305031914.165013 0.0196080 0.0004918 -0.0055229 0.0009714 0.0079748 0.0104522 0.9999131
1305031914.197110 0.0350374 0.0024419 -0.0141623 0.0027616 0.0176871 0.0168133 0.9996984
1305031914.233108 0.0613792 -0.0072681 -0.0240455 0.0020751 0.0253477 0.0233621 0.9994035
1305031914.265074 0.0771303 -0.0009190 -0.0295842 0.0139868 0.0393206 0.0274198 0.9987524
1305031914.333148 0.1114992 0.0189379 -0.0478672 0.0251825 0.0553690 0.0262361 0.9978035
1305031914.365058 0.1271586 0.0261008 -0.0552961 0.0207727 0.0574021 0.0241527 0.9978427
1305031914.397215 0.1473091 0.0279166 -0.0632071 0.0134407 0.0548780 0.0234148 0.9981280
1305031914.497127 0.2207835 0.0415956 -0.0882088 0.0026493 0.0487939 0.0169656 0.9986613
1305031914.764901 0.3783575 0.0820331 -0.1428410 -0.0190849 0.0684970 -0.0082195 0.9974349
1305031914.833133 0.4049967 0.0778167 -0.1504491 -0.0297335 0.0681440 -0.0094283 0.9971877
1305031914.897188 0.4362069 0.0792911 -0.1594102 -0.0310917 0.0589127 -0.0152700 0.9976620
1305031915.133208 0.5663276 0.0756884 -0.1896502 -0.0205814 0.0216212 -0.0352298 0.9989333
1305031915.197108 0.5976193 0.0714787 -0.1985480 -0.0092345 0.0156408 -0.0573059 0.9981914
1305031915.333207 0.6645609 0.0740748 -0.2067001 -0.0003705 -0.0155929 -0.0876094 0.9960328
1305031915.533058 0.7718558 0.0455948 -0.2107034 -0.0078040 -0.0914007 -0.1544062 0.9837397
1305031915.601161 0.8209112 0.0278701 -0.2106296 -0.0077784 -0.1108037 -0.1799678 0.9773810
1305031915.701106 0.8615173 0.0119014 -0.2081882 -0.0009005 -0.1103819 -0.1996718 0.9736253
1305031915.801243 0.8950080 0.0055464 -0.2027107 -0.0091310 -0.1462104 -0.2128649 0.9660371
1305031915.901234 0.9456902 -0.0068771 -0.1905358 -0.0145500 -0.1924909 -0.2409423 0.9511479
1305031916.101115 1.0160463 -0.0848188 -0.1593684 -0.0122077 -0.2395939 -0.2860157 0.9277073
1305031916.201031 1.0695593 -0.0741237 -0.1590366 0.0473796 -0.2943211 -0.2892882 0.9096387
1305031916.301076 1.1213366 -0.1195394 -0.1428931 0.0746041 -0.3397574 -0.3012148 0.8878450
1305031916.401006 1.1672405 -0.1564148 -0.1322304 0.1267118 -0.3545493 -0.3115472 0.8724547
1305031916.501025 1.1855884 -0.1749697 -0.1339243 0.1634498 -0.3667373 -0.2949340 0.8670651
1305031916.601238 1.2142037 -0.1906881 -0.1363960 0.1897480 -0.4066164 -0.2837085 0.8474481
1305031916.701048 1.2359937 -0.2219540 -0.1255048 0.2075392 -0.4375204 -0.2797044 0.8290168
1305031916.765076 1.2476982 -0.2395989 -0.1115039 0.2194568 -0.4557261 -0.2737513 0.8180542
1305031916.833266 1.2602201 -0.2529502 -0.0955142 0.2322722 -0.4739953 -0.2618551 0.8079666
1305031916.901017 1.2689657 -0.2760692 -0.1002817 0.2408505 -0.4904383 -0.2540538 0.7980714
1305031917.265163 1.3439877 -0.4272696 -0.0765803 0.3552206 -0.5525796 -0.1963602 0.7279539
1305031917.301107 1.3515893 -0.4480959 -0.0984221 0.3607635 -0.5549755 -0.1946418 0.7238554
1305031917.333229 1.3659307 -0.4467510 -0.0924019 0.3625010 -0.5588765 -0.1914063 0.7208424
1305031917.465076 1.4291717 -0.4294735 -0.0172282 0.3424746 -0.5694261 -0.1954750 0.7212868
1305031917.533057 1.4330797 -0.4305743 -0.0183611 0.3153525 -0.5631229 -0.2129091 0.7335633
1305031917.801048 1.5081304 -0.4462019 -0.0261359 0.2006741 -0.5581917 -0.2783601 0.7554254
1305031917.865107 1.5295652 -0.4511692 -0.0284614 0.1634412 -0.5548177 -0.2977371 0.7594847
1305031917.932948 1.5588664 -0.4607460 -0.0247386 0.1276003 -0.5471243 -0.3184783 0.7635081
1305031918.001098 1.5537367 -0.4598202 -0.0211376 0.0981499 -0.5343945 -0.3410243 0.7671320
1305031918.165017 1.5978003 -0.5215030 0.0053894 0.0339149 -0.5267173 -0.4004861 0.7490190
1305031918.233042 1.6174409 -0.5348456 0.0262635 0.0185825 -0.5194185 -0.4157454 0.7463343
1305031918.301124 1.6327453 -0.5474802 0.0582474 0.0034301 -0.5094913 -0.4374145 0.7409962
1305031918.365072 1.6441163 -0.5731903 0.0916201 -0.0138251 -0.4972769 -0.4608814 0.7349237
1305031918.433043 1.6583484 -0.5874047 0.1284439 -0.0290261 -0.4806212 -0.4801557 0.7332198
1305031918.565018 1.6782596 -0.6343354 0.2071588 -0.0470455 -0.4552908 -0.5016385 0.7340680
1305031918.601029 1.6773152 -0.6469072 0.2278562 -0.0516205 -0.4514018 -0.5048791 0.7339406
1305031918.865115 1.6825671 -0.7547112 0.3386609 -0.0414386 -0.4497859 -0.5614390 0.6933698
1305031918.933071 1.6830459 -0.7757812 0.3605818 -0.0281224 -0.4631568 -0.5784279 0.6709070
1305031919.065147 1.6829051 -0.8145759 0.4109011 -0.0159704 -0.4995818 -0.6064492 0.6183707
1305031919.133133 1.6784987 -0.8351555 0.4387362 -0.0159013 -0.5157698 -0.6184635 0.5926480
1305031919.265125 1.6746731 -0.8671304 0.4912595 -0.0150920 -0.5504313 -0.6402503 0.5356092
1305031919.333120 1.6782975 -0.8849771 0.5195998 -0.0126266 -0.5742278 -0.6443056 0.5049488
1305031919.465070 1.6874329 -0.9376444 0.5711778 0.0233714 0.6052686 0.6545185 -0.4524480
1305031919.701092 1.6623014 -1.0531573 0.6361945 0.0233650 0.6405076 0.6462255 -0.4142423
1305031919.765060 1.6595827 -1.0686098 0.6503689 0.0139639 0.6523443 0.6328340 -0.4168610
1305031919.933102 1.6155461 -1.1057189 0.6839817 0.0509358 0.6956537 0.6042967 -0.3850933
1305031920.001054 1.5875301 -1.1151254 0.6963708 0.0649226 0.7091889 0.5904326 -0.3797702
1305031920.101055 1.5532583 -1.1218514 0.7180402 0.0866396 0.7342855 0.5714262 -0.3560764
1305031920.201166 1.5085810 -1.1242716 0.7501362 0.0918187 0.7460020 0.5655527 -0.3394119
1305031920.301096 1.4551531 -1.1228199 0.7694886 0.0829504 0.7403278 0.5596479 -0.3630816
1305031920.401115 1.4173474 -1.1161569 0.7788234 0.0709729 0.7269772 0.5439973 -0.4129574
1305031920.501107 1.3889716 -1.1121881 0.7797276 0.0506610 0.7161579 0.5272682 -0.4544663
1305031920.601126 1.3643026 -1.1139116 0.7769617 0.0366718 0.7141052 0.5112173 -0.4768290
1305031920.701147 1.3351450 -1.1211647 0.7900950 -0.0214969 -0.7021787 -0.4899540 0.5161667
1305031920.801031 1.3153046 -1.1142565 0.7955081 0.0067689 -0.6782488 -0.4626876 0.5708353
1305031920.901037 1.3021582 -1.1205531 0.8066803 0.0275203 -0.6630354 -0.4384880 0.6060982
1305031920.965217 1.2951492 -1.1190721 0.8106614 0.0360387 -0.6456791 -0.4224786 0.6350682
1305031921.033111 1.2891617 -1.1150198 0.8137279 0.0518503 -0.6275010 -0.4119621 0.6586663
1305031921.101105 1.2871652 -1.1127552 0.8152548 0.0619943 -0.6084694 -0.4062507 0.6788829
1305031921.201159 1.2803868 -1.1077501 0.8174593 0.0755303 -0.5739968 -0.4071080 0.7064601
1305031921.365112 1.2757248 -1.1031396 0.8202578 0.1031344 -0.5428334 -0.3864991 0.7384536
1305031921.465014 1.2723321 -1.1002640 0.8227201 0.1123521 -0.5242311 -0.3675220 0.7599252
1305031921.501096 1.2706046 -1.0993805 0.8233389 0.1147662 -0.5152811 -0.3600233 0.7692186
1305031921.701068 1.2673666 -1.0924668 0.8260833 0.1517296 -0.4336601 -0.3146067 0.8306261
1305031921.733068 1.2672064 -1.0922943 0.8262004 0.1564205 -0.4132039 -0.3080723 0.8425477
1305031921.765060 1.2657357 -1.0922029 0.8272010 0.1583817 -0.3941892 -0.3001024 0.8540894
1305031922.101032 1.2573342 -1.0922939 0.8365797 0.1550536 -0.2918352 -0.2480310 0.9106433
1305031922.733235 1.2528585 -1.0929536 0.8426991 0.1047217 -0.1325895 -0.2021221 0.9646761
1305031923.165168 1.2528859 -1.0926206 0.8422102 0.1194692 -0.0445341 -0.1410045 0.9817645
1305031923.333169 1.2534047 -1.0910802 0.8406595 0.1299907 -0.0033229 -0.1125527 0.9851006
1305031923.501145 1.2541397 -1.0899762 0.8375784 0.1211306 0.0386387 -0.0743586 0.9890931
1305031923.565198 1.2548891 -1.0890920 0.8354094 0.1329123 0.0480085 -0.0620567 0.9880174
1305031923.765175 1.2629145 -1.0847342 0.8283933 0.1486956 0.0552820 -0.0336675 0.9867624
1305031923.801150 1.2637428 -1.0835828 0.8265384 0.1475072 0.0598157 -0.0344158 0.9866505
1305031924.101175 1.2756563 -1.0733484 0.8160958 0.1601749 0.0829625 -0.0466392 0.9824897
1305031924.165591 1.2780071 -1.0707579 0.8135422 0.1603309 0.0830640 -0.0504066 0.9822696
1305031924.301099 1.2833427 -1.0661117 0.8096169 0.1584687 0.0686639 -0.0595006 0.9831747
1305031924.501116 1.2892087 -1.0588325 0.8024165 0.1574562 0.0365499 -0.0734817 0.9841098
1305031924.701168 1.2943920 -1.0528888 0.7969617 0.1860615 -0.0127536 -0.0762742 0.9794900
1305031924.833187 1.2982986 -1.0481246 0.7942439 0.1995110 -0.0190801 -0.0772343 0.9766607
1305031925.033148 1.3014497 -1.0403193 0.7913864 0.1997290 -0.0325079 -0.0853780 0.9755830
1305031925.169080 1.3032513 -1.0350800 0.7881635 0.1994004 -0.0395053 -0.0858940 0.9753466
1305031925.269164 1.3046402 -1.0308532 0.7858214 0.1985459 -0.0499101 -0.0955955 0.9741406
1305031925.501267 1.3101543 -1.0213369 0.7822290 0.1962168 -0.0506847 -0.1169235 0.9722443
1305031925.569132 1.3128886 -1.0180811 0.7808669 0.2069139 -0.0416407 -0.1043263 0.9718893
1305031925.669137 1.3168107 -1.0137359 0.7794536 0.2081497 -0.0286290 -0.0894303 0.9735791
1305031925.769246 1.3218096 -1.0098696 0.7785382 0.2006753 -0.0313100 -0.0832046 0.9756157
1305031925.933170 1.3287096 -1.0043576 0.7779028 0.1640267 -0.0089923 -0.0626875 0.9844210
1305031926.001186 1.3311837 -1.0023562 0.7770090 0.1480557 -0.0055346 -0.0528494 0.9875504
1305031926.069077 1.3337563 -0.9998710 0.7757927 0.1399037 -0.0032956 -0.0444497 0.9891614
1305031926.169101 1.3379405 -0.9960535 0.7734882 0.1321982 0.0112966 -0.0391805 0.9903842
1305031926.269135 1.3415148 -0.9925499 0.7706705 0.1289347 0.0304221 -0.0309724 0.9907023
1305031926.369064 1.3452783 -0.9890883 0.7674339 0.1281768 0.0572935 -0.0211763 0.9898685
1305031926.569122 1.3506812 -0.9848388 0.7594611 0.1306906 0.1068288 0.0213509 0.9854196
1305031926.669140 1.3512766 -0.9820906 0.7556261 0.1312082 0.1306711 0.0530270 0.9812735
1305031926.801342 1.3511833 -0.9804519 0.7535163 0.1240830 0.1835962 0.0942862 0.9705699
1305031926.933348 1.3532841 -0.9792458 0.7509828 0.1097004 0.2473543 0.1584354 0.9495683
1305031927.070528 1.3540896 -0.9741222 0.7492781 0.0920145 0.3120875 0.2172960 0.9202811
1305031927.101272 1.3546032 -0.9728211 0.7480971 0.0859295 0.3217579 0.2324274 0.9138192
1305031927.301135 1.3543353 -0.9651148 0.7469763 0.0319965 0.3639176 0.3056687 0.8792650
1305031927.333139 1.3543347 -0.9651418 0.7469937 0.0219739 0.3691290 0.3164487 0.8735681
1305031927.369147 1.3544083 -0.9650855 0.7470835 0.0122099 0.3761002 0.3257609 0.8673404
1305031927.501136 1.3544794 -0.9651069 0.7471790 -0.0256559 0.3945456 0.3558168 0.8467999
1305031928.333609 1.3549187 -0.9650651 0.7477772 -0.1531259 0.4715425 0.3550259 0.7925634
