1305031914.133245 0.0000000 0.0000000 0.0000000 0.0000000 0.0000000 0.0000000 1.0000000
1305031914.165013 0.0176573 0.0020431 -0.0054628 0.0016565 0.0090552 0.0101654 0.9999059
1305031914.197110 0.0333806 0.0055275 -0.0130938 0.0041751 0.0188541 0.0162779 0.9996810
1305031914.233108 0.0604948 -0.0056110 -0.0239083 0.0029532 0.0264510 0.0229598 0.9993820
1305031914.333148 0.1089602 0.0210162 -0.0487264 0.0258441 0.0575238 0.0254946 0.9976839
1305031914.365058 0.1268351 0.0251685 -0.0564978 0.0198085 0.0589527 0.0236652 0.9977836
1305031914.565001 0.2592081 0.0511748 -0.1062394 -0.0029298 0.0532272 0.0094324 0.9985336
1305031914.797119 0.3952507 0.0842022 -0.1513820 -0.0248438 0.0705418 -0.0081307 0.9971663
1305031915.065009 0.5391611 0.0826800 -0.1910157 -0.0229232 0.0287519 -0.0229010 0.9990612
1305031915.464920 0.7590048 0.0530095 -0.2199189 -0.0028756 -0.0681465 -0.1284022 0.9893739
1305031915.733046 0.8979518 0.0144170 -0.2133085 0.0017668 -0.1207359 -0.2021354 0.9718853
1305031916.133093 1.0617510 -0.0950910 -0.1585655 0.0085570 -0.2617773 -0.2845865 0.9221768
1305031916.233050 1.1171731 -0.1071983 -0.1498635 0.0467738 -0.3198463 -0.2896825 0.9008855
1305031916.633156 1.2234591 -0.1851264 -0.1463097 0.1959608 -0.4118150 -0.2747946 0.8464607
1305031916.665139 1.2305268 -0.1861168 -0.1452751 0.2042208 -0.4202268 -0.2737209 0.8407022
1305031916.701048 1.2345552 -0.1919005 -0.1366088 0.2133065 -0.4273547 -0.2724117 0.8352606
1305031916.833266 1.2702461 -0.1912237 -0.1253800 0.2482882 -0.4586140 -0.2596922 0.8127645
1305031916.865085 1.2773101 -0.1947213 -0.1277365 0.2551678 -0.4652491 -0.2583470 0.8072729
1305031916.933088 1.2960256 -0.1955781 -0.1410006 0.2688843 -0.4807049 -0.2471937 0.7971947
1305031944.807919 -0.0170441 0.1254914 -0.1001955 0.1128328 -0.1945686 -0.1843966 0.9567704
1305031944.875719 -0.0081056 0.1230093 -0.0964319 0.1025870 -0.1778505 -0.1803276 0.9619392
1305031944.939702 0.0034313 0.1186629 -0.0953864 0.0963247 -0.1616395 -0.1786032 0.9657614
1305031945.039937 0.0025015 0.0813419 -0.0983608 0.1163752 -0.1477676 -0.1571536 0.9694969
1305031945.207107 0.0234818 0.0663193 -0.1129591 0.2041628 -0.1715456 -0.1347097 0.9543285
1305031945.406657 0.0471654 0.0499879 -0.1149416 0.2556331 -0.1835672 -0.1310295 0.9400990
1305031945.506438 0.0883032 0.0436489 -0.1035900 0.2864811 -0.2022276 -0.1329381 0.9270167
1305031945.838266 0.1832871 0.0436412 -0.0715708 0.2631907 -0.1561100 -0.1282023 0.9433581
1305031946.107140 0.2860777 0.0441678 -0.0212007 0.1378122 -0.0833265 -0.1050393 0.9813415
1305031946.268902 0.3262972 0.0690467 -0.0257451 0.1107452 -0.0630358 -0.0999944 0.9867944
1305031946.669089 0.4174520 0.1772162 -0.1606013 0.0677270 -0.0719716 -0.1109621 0.9888986
1305031947.405013 0.6169056 0.2599596 -0.3053848 0.0283741 -0.0751668 -0.1542552 0.9847590
1305031948.905077 1.1418333 -0.0884071 0.1103905 0.0185337 -0.2566449 -0.3493960 0.9009508
1305031949.168946 1.1816798 -0.1169685 0.2173543 -0.0917125 -0.2386917 -0.3733632 0.8917483
1305031949.768985 1.2324390 -0.2953885 0.3188512 -0.0737780 -0.3753044 -0.4669731 0.7972701
1305031949.804939 1.2312053 -0.3075740 0.3179789 -0.0596467 -0.3835572 -0.4621123 0.7973571
1305031950.004952 1.2263405 -0.3766251 0.3089137 0.0377024 -0.4192888 -0.4255304 0.8010613
1305031950.168914 1.2159305 -0.4207046 0.2825116 0.1364512 -0.4234225 -0.3470365 0.8256271
1305031950.368911 1.2129122 -0.4226421 0.2921693 0.2675814 -0.4320460 -0.2704599 0.8176722
1305031951.336937 1.3320407 -0.4734509 0.4768813 0.0834847 -0.4541053 -0.4229308 0.7797103
1305031951.604927 1.4116987 -0.5137213 0.5647896 0.0322520 -0.4221344 -0.4759868 0.7708430
1305031951.936962 1.4572954 -0.5634667 0.7222719 -0.0313887 -0.3568381 -0.4874436 0.7962914
1305031952.568932 1.3800267 -0.7113390 0.8727727 -0.0264858 -0.4446240 -0.5418372 0.7127556
1305031952.604926 1.3783299 -0.7154987 0.8787978 -0.0221273 -0.4492255 -0.5364521 0.7140911
1305031952.868991 1.3528004 -0.7362291 0.8912741 0.0108996 -0.5356491 -0.4936205 0.6850547
1305031953.372964 1.3276026 -0.7958995 0.8968617 0.0700867 -0.6584142 -0.4892488 0.5676392
