1305031911.035050 0.0000000 0.0000000 0.0000000 0.0000000 0.0000000 0.0000000 1.0000000
1305031911.165177 -0.0208275 -0.0095961 0.0102400 0.0057953 -0.0618492 -0.0411679 0.9972193
1305031911.197213 -0.0239859 -0.0093815 0.0127109 0.0088280 -0.0740550 -0.0483475 0.9960424
1305031911.997252 -0.0918608 -0.0014940 0.0809936 0.0273375 -0.3108794 -0.1774068 0.9333453
1305031912.065365 -0.0908876 -0.0058084 0.0844890 0.0097427 -0.3364857 -0.1826781 0.9237484
1305031912.433290 -0.0805756 -0.0155179 0.0889933 0.0533315 -0.3880890 -0.2590691 0.8828510
1305031913.133146 -0.0443015 -0.0373524 0.1004911 0.0479041 -0.4120106 -0.2839116 0.8644922
1305031913.233126 -0.0379974 -0.0398419 0.1051918 0.0482927 -0.3814462 -0.2411500 0.8910742
1305031913.333122 -0.0298309 -0.0394590 0.1122923 0.0481438 -0.3431634 -0.1902576 0.9185440
1305031913.397099 -0.0276055 -0.0394132 0.1111876 0.0494815 -0.3141295 -0.1683420 0.9330248
1305031914.197110 0.1128899 0.0309836 0.0060478 0.0077883 0.1096742 0.1655696 0.9800498
1305031914.265074 0.1362296 0.0376265 -0.0101512 0.0170906 0.1349892 0.1744822 0.9752137
1305031914.333148 0.1497846 0.0562992 -0.0261722 0.0240709 0.1549075 0.1725369 0.9724481
1305031914.397215 0.1681148 0.0688378 -0.0406660 0.0117340 0.1545735 0.1710323 0.9729940
1305031914.665019 0.2673173 0.1289273 -0.1115814 -0.0219190 0.1552988 0.1490925 0.9763059
1305031914.764901 0.2976397 0.1476845 -0.1309902 -0.0295836 0.1666545 0.1433121 0.9750963
1305031914.865128 0.3242879 0.1534559 -0.1470262 -0.0408119 0.1612650 0.1392042 0.9761916
1305031914.964978 0.3577950 0.1613069 -0.1662346 -0.0357020 0.1418783 0.1319449 0.9804012
1305031915.701106 0.6424260 0.1977759 -0.2569466 -0.0065468 -0.0130977 -0.0488916 0.9986967
1305031915.833049 0.6814259 0.1992761 -0.2573536 -0.0093923 -0.0679608 -0.0703524 0.9951601
1305031916.233050 0.8329979 0.1718186 -0.2497560 0.0652986 -0.2146206 -0.1541077 0.9622499
1305031916.401006 0.9006926 0.1485068 -0.2561111 0.1452376 -0.2422540 -0.1863679 0.9410027
1305031916.565142 0.9294885 0.1364069 -0.2665843 0.2113571 -0.2725914 -0.1704645 0.9230190
1305031916.733056 0.9706438 0.1145342 -0.2555315 0.2495893 -0.3246960 -0.1703494 0.8962470
1305031916.865085 0.9955378 0.0884631 -0.2488066 0.2757812 -0.3579484 -0.1559139 0.8783556
1305031916.965054 1.0099926 0.0808023 -0.2288218 0.3007556 -0.3838497 -0.1440004 0.8610862
1305031917.065136 1.0036027 0.0716406 -0.2381020 0.3361682 -0.3975924 -0.1313914 0.8435920
1305031917.133106 1.0032026 0.0720562 -0.2376351 0.3705702 -0.4003574 -0.1307151 0.8278316
1305031917.265163 1.0141070 0.0742299 -0.2409739 0.4254456 -0.4047113 -0.1079883 0.8022116
1305031917.301107 1.0210832 0.0752245 -0.2428738 0.4328012 -0.4072976 -0.1060587 0.7972097
1305031944.939702 0.0688865 0.0977890 -0.0302114 0.1062125 -0.0637072 -0.0413508 0.9914386
1305031945.136772 0.0816993 0.0678761 -0.0514075 0.1827898 -0.0506697 -0.0061644 0.9818261
1305031945.306358 0.1130396 0.0676394 -0.0532274 0.2449486 -0.0525482 -0.0142807 0.9680057
1305031945.469167 0.1379578 0.0627174 -0.0583051 0.2980534 -0.0771617 -0.0135977 0.9513282
1305031945.606029 0.1757107 0.0683613 -0.0498265 0.3219816 -0.0643823 -0.0156858 0.9444240
1305031945.738673 0.2009115 0.0731459 -0.0416590 0.3062677 -0.0517819 -0.0136539 0.9504380
1305031945.869258 0.2044267 0.0800220 -0.0557462 0.2555260 -0.0194336 -0.0135444 0.9665119
1305031946.005983 0.2045290 0.0863775 -0.0694814 0.1755669 0.0303639 -0.0007767 0.9839988
1305031946.869090 0.2982703 0.2539189 -0.2017875 0.0513085 0.0641272 0.0299383 0.9961721
1305031947.037000 0.3085975 0.2798821 -0.2452351 0.0413977 0.0479167 0.0282172 0.9975941
1305031947.269076 0.3522946 0.3048230 -0.2736993 0.0386073 0.0506205 0.0194935 0.9977810
1305031947.437038 0.3993754 0.3061476 -0.2727020 0.0178034 0.0274929 -0.0085728 0.9994267
1305031947.837022 0.5559829 0.3069852 -0.2727429 0.0771077 -0.1040030 -0.1230598 0.9839177
1305031948.037003 0.6280591 0.3103022 -0.2625391 0.0864814 -0.1496739 -0.1694671 0.9702575
1305031948.269041 0.6921850 0.2967809 -0.2339888 0.0964494 -0.1922909 -0.1936508 0.9571944
1305031948.505024 0.7699947 0.2590134 -0.1694763 0.0727654 -0.2013558 -0.1951160 0.9571263
1305031948.737063 0.8370705 0.2082673 -0.1115452 0.0526868 -0.1759324 -0.2208095 0.9578701
1305031948.905077 0.8836844 0.1928692 -0.0671883 0.0188643 -0.1577830 -0.2089828 0.9649222
1305031949.069061 0.9208127 0.1868239 -0.0203517 -0.0530406 -0.1516528 -0.2096176 0.9644939
1305031949.237011 0.9467467 0.1841293 0.0179833 -0.1126334 -0.1783272 -0.2378051 0.9481360
1305031949.405064 0.9793271 0.1646704 0.0478356 -0.1397170 -0.2157281 -0.2900930 0.9218387
1305031949.637172 1.0101022 0.1152362 0.0599134 -0.1118323 -0.2661147 -0.3333889 0.8975123
1305031949.804939 1.0218441 0.0700578 0.0561345 -0.0455524 -0.3008047 -0.3292932 0.8938722
1305031949.968881 1.0324227 0.0356875 0.0511270 0.0473112 -0.3230650 -0.3096103 0.8930466
1305031950.168914 1.0364941 -0.0326399 0.0376440 0.1570469 -0.3157713 -0.2334894 0.9061498
1305031950.368911 1.0494273 -0.0595511 0.0233511 0.2867987 -0.3072302 -0.1771800 0.8899232
1305031950.536894 1.0538769 -0.0746355 0.0231655 0.3453561 -0.3238119 -0.1580691 0.8665386
1305031950.704873 1.0490088 -0.0533830 0.0359526 0.3258799 -0.3138332 -0.1512311 0.8788857
1305031950.869014 1.0473429 -0.0549309 0.0474798 0.2404649 -0.3144540 -0.1816786 0.9001601
1305031951.036930 1.0525841 -0.0584960 0.0547315 0.1703281 -0.3152015 -0.2091150 0.9098941
1305031951.236957 1.0774403 -0.0466168 0.0534944 0.1118636 -0.3234924 -0.2632568 0.9019617
1305031951.468857 1.1126240 -0.0628022 0.0529801 0.0462940 -0.3106464 -0.3616270 0.8778277
1305031951.636936 1.1490633 -0.0774788 0.0563585 -0.0017491 -0.2829843 -0.3671531 0.8860674
1305031951.804886 1.1779568 -0.0933698 0.0778702 -0.0488405 -0.2454759 -0.3776882 0.8914639
1305031952.037104 1.1996372 -0.1299054 0.1089901 -0.1094435 -0.2044767 -0.3847626 0.8934031
1305031952.236877 1.1925278 -0.1725998 0.1281033 -0.1181335 -0.2551682 -0.4473216 0.8490213
1305031952.404918 1.1769706 -0.2233343 0.1400699 -0.1230360 -0.2791477 -0.5059633 0.8068085
1305031952.568932 1.1527352 -0.2508952 0.1522709 -0.1148348 -0.2626817 -0.5131111 0.8090292
1305031952.736938 1.1437383 -0.2581407 0.1631188 -0.0800873 -0.2883883 -0.4969521 0.8145286
1305031953.273087 1.1382880 -0.2997070 0.1677625 -0.0078133 -0.4765871 -0.5010877 0.7222983
1305031953.404920 1.1367038 -0.3049836 0.1608821 0.0082765 -0.5038829 -0.5022005 0.7027291
1305031953.536948 1.1387740 -0.3031069 0.1482697 -0.0049933 -0.5227540 -0.4941062 0.6946672
1305031953.736982 1.1459473 -0.2998985 0.1327726 -0.0435399 -0.5060019 -0.4913426 0.7075654
1305031953.904912 1.1530553 -0.2948769 0.1283486 -0.0776334 -0.4657528 -0.4703476 0.7455337
1305031954.237023 1.1526582 -0.2797040 0.0898093 -0.0463704 -0.3206888 -0.4828942 0.8135242
1305031954.404711 1.1492085 -0.2636377 0.0552879 -0.0240449 -0.2974008 -0.4758762 0.8273551
1305031954.604885 1.1406327 -0.2382480 0.0142429 -0.0290143 -0.2568704 -0.4562756 0.8514625
1305031954.773183 1.1304708 -0.2122009 -0.0179090 -0.0054458 -0.2581426 -0.4469419 0.8564904
1305031954.972931 1.1246420 -0.1903527 -0.0431646 0.0033013 -0.2430734 -0.4353364 0.8668256
1305031955.136878 1.1216865 -0.1680403 -0.0534608 -0.0021112 -0.2199887 -0.4361069 0.8725889
1305031955.372861 1.1172255 -0.1502267 -0.0539888 -0.0289773 -0.1995270 -0.4426748 0.8737210
1305031955.536891 1.1141089 -0.1472269 -0.0534692 -0.0389929 -0.1862344 -0.4321774 0.8814868
1305031956.036937 1.1157341 -0.1511368 -0.0579700 -0.0362338 -0.1871293 -0.4139229 0.8901334
