0.000000 0.0000000 0.0000000 0.0000000 0.0000000 0.0000000 0.0000000 1.0000000
0.519499 -0.0045732 -0.0005546 0.0408353 0.0016567 -0.0210245 -0.0010502 0.9997770
0.623377 -0.0063790 -0.0005201 0.0510394 0.0021581 -0.0277828 -0.0009498 0.9996112
1.038404 -0.0172561 -0.0011027 0.1012415 0.0023690 -0.0665304 0.0004750 0.9977815
1.349627 -0.0328508 -0.0026780 0.1440273 0.0048452 -0.1052237 -0.0053816 0.9944222
2.075498 -0.0895586 -0.0043911 0.2480808 0.0048078 -0.2235685 -0.0123575 0.9745980
2.490144 -0.1418161 -0.0055920 0.3080585 0.0024793 -0.3108850 -0.0116222 0.9503732
2.800890 -0.1950620 -0.0061075 0.3509219 0.0009625 -0.3883390 -0.0105165 0.9214561
3.112001 -0.2616470 -0.0055150 0.3888464 -0.0027922 -0.4671648 -0.0068881 0.8841391
3.215751 -0.2876019 -0.0048826 0.4003271 -0.0036400 -0.4937140 -0.0066697 0.8695911
3.319374 -0.3152992 -0.0045234 0.4103374 -0.0045532 -0.5197741 -0.0069919 0.8542629
3.526893 -0.3764138 -0.0038625 0.4267245 -0.0066855 -0.5701758 -0.0079540 0.8214570
3.734395 -0.4452460 -0.0035657 0.4392223 -0.0111312 -0.6160968 -0.0076519 0.7875546
4.046284 -0.5628573 -0.0019779 0.4456929 -0.0106280 -0.6708424 -0.0091496 0.7414673
4.150266 -0.6049489 -0.0007338 0.4451652 -0.0091993 -0.6848276 -0.0092405 0.7285885
4.462646 -0.7420973 0.0015081 0.4384665 -0.0065894 -0.7178125 -0.0066704 0.6961733
4.566885 -0.7908768 0.0024883 0.4344493 -0.0056093 -0.7250939 -0.0059707 0.6886013
4.879959 -0.9484053 0.0054828 0.4182149 -0.0058060 -0.7383164 -0.0060069 0.6744028
5.297154 -1.1803433 0.0067315 0.3924230 -0.0083913 -0.7421365 -0.0073965 0.6701554
5.401501 -1.2427601 0.0074498 0.3860967 -0.0088912 -0.7415878 -0.0086066 0.6707417
5.818377 -1.5043344 0.0113193 0.3591476 -0.0076715 -0.7393996 -0.0099383 0.6731498
5.922523 -1.5743334 0.0126633 0.3522097 -0.0084290 -0.7387496 -0.0116115 0.6738272
6.443143 -1.9405944 0.0196399 0.3198546 -0.0075232 -0.7360711 -0.0124435 0.6767480
6.755380 -2.1737366 0.0219417 0.2994822 -0.0084080 -0.7349253 -0.0113160 0.6780015
7.275272 -2.5738506 0.0264952 0.2670992 -0.0111883 -0.7354018 -0.0110112 0.6774495
7.379272 -2.6547883 0.0276913 0.2595513 -0.0122475 -0.7354318 -0.0136768 0.6773499
7.795131 -2.9762588 0.0318940 0.2297459 -0.0095283 -0.7357790 -0.0135960 0.6770182
7.899003 -3.0570276 0.0329363 0.2222225 -0.0099686 -0.7356515 -0.0148846 0.6771233
8.315006 -3.3754654 0.0366338 0.1930630 -0.0055083 -0.7352145 -0.0122629 0.6777012
8.834756 -3.7781405 0.0430676 0.1599253 -0.0119108 -0.7346115 -0.0172706 0.6781636
9.250652 -4.0978765 0.0482331 0.1312871 -0.0044301 -0.7345639 -0.0155957 0.6783457
9.874249 -4.5745816 0.0526593 0.0908701 -0.0111919 -0.7373884 -0.0128642 0.6752537
9.978133 -4.6529245 0.0537478 0.0831959 -0.0108200 -0.7378162 -0.0126170 0.6747969
10.393880 -4.9624410 0.0574732 0.0509312 -0.0031742 -0.7394473 -0.0148604 0.6730429
10.601750 -5.1151414 0.0585661 0.0355066 -0.0031064 -0.7400361 -0.0159983 0.6723696
10.913510 -5.3408365 0.0620569 0.0138140 -0.0051771 -0.7407099 -0.0165715 0.6716006
11.433260 -5.7092400 0.0689636 -0.0266016 -0.0059731 -0.7411479 -0.0158689 0.6711276
12.161380 -6.1689291 0.0710081 -0.0660069 -0.0050194 -0.7314297 -0.0165253 0.6816981
12.682390 -6.4481707 0.0734807 -0.0707829 -0.0048197 -0.6987407 -0.0204804 0.7150655
13.726510 -6.8666129 0.0789029 0.0605279 -0.0103193 -0.5183947 -0.0047130 0.8550662
13.830760 -6.9018683 0.0792924 0.0853063 -0.0109479 -0.4947103 -0.0040458 0.8689796
14.143650 -6.9954038 0.0797678 0.1717265 -0.0152582 -0.4233419 0.0059075 0.9058222
14.352150 -7.0509696 0.0799285 0.2355164 -0.0053962 -0.3720432 0.0071097 0.9281725
14.456380 -7.0777583 0.0801741 0.2708584 -0.0006144 -0.3445744 0.0063437 0.9387374
14.769010 -7.1514421 0.0792917 0.3973381 0.0037100 -0.2603360 0.0056836 0.9654942
14.873160 -7.1730676 0.0779505 0.4450554 0.0031102 -0.2338742 0.0050273 0.9722489
15.081160 -7.2138939 0.0764014 0.5476606 0.0046451 -0.1876330 -0.0009322 0.9822278
15.185010 -7.2324405 0.0759698 0.6027181 0.0043423 -0.1684753 -0.0032949 0.9856908
15.496190 -7.2811818 0.0733111 0.7832640 0.0013814 -0.1294002 -0.0027677 0.9915876
15.807320 -7.3264642 0.0714134 0.9814935 -0.0008297 -0.1054989 -0.0082011 0.9943852
15.911010 -7.3397174 0.0709134 1.0506136 -0.0007858 -0.0989450 -0.0072259 0.9950663
16.326140 -7.3873191 0.0682170 1.3446021 0.0000509 -0.0709655 -0.0086421 0.9974414
16.741260 -7.4244719 0.0635638 1.6609138 0.0026520 -0.0532981 -0.0086950 0.9985372
16.845140 -7.4345250 0.0619970 1.7442065 -0.0012709 -0.0506765 -0.0107850 0.9986561
17.364000 -7.4739466 0.0550890 2.1541061 -0.0048419 -0.0425660 -0.0095189 0.9990366
17.467890 -7.4798989 0.0553695 2.2366059 -0.0055394 -0.0412223 -0.0080661 0.9991021
17.987010 -7.5130639 0.0485262 2.6378021 0.0048837 -0.0364742 -0.0106288 0.9992661
18.298510 -7.5316377 0.0433249 2.8809402 -0.0005265 -0.0329090 -0.0124275 0.9993809
18.506260 -7.5425224 0.0399028 3.0398710 -0.0007352 -0.0316783 -0.0098938 0.9994489
18.921640 -7.5639005 0.0351421 3.3605962 0.0002013 -0.0300691 -0.0102853 0.9994949
19.233260 -7.5819173 0.0317052 3.6060319 0.0006336 -0.0314931 -0.0086706 0.9994662
19.856260 -7.6230831 0.0225927 4.1170778 0.0052477 -0.0391532 -0.0122545 0.9991443
19.960140 -7.6305399 0.0204512 4.2048135 0.0048183 -0.0402303 -0.0115145 0.9991125
20.479750 -7.6702542 0.0136824 4.6528635 -0.0014532 -0.0409025 -0.0117060 0.9990935
20.583640 -7.6787696 0.0124409 4.7432318 -0.0008182 -0.0398992 -0.0118602 0.9991330
20.999260 -7.7063732 0.0074462 5.1088381 -0.0002280 -0.0367757 -0.0070257 0.9992988
21.622900 -7.7477722 -0.0022576 5.6530857 0.0087193 -0.0342283 -0.0108477 0.9993171
21.726890 -7.7540574 -0.0053141 5.7439222 0.0090457 -0.0338247 -0.0105490 0.9993312
22.246540 -7.7860918 -0.0155999 6.1855888 0.0002744 -0.0367523 -0.0044286 0.9993145
22.350390 -7.7929735 -0.0174655 6.2725844 0.0009297 -0.0381101 -0.0038200 0.9992658
22.870160 -7.8352599 -0.0287907 6.7034464 0.0077897 -0.0460143 -0.0100047 0.9988603
22.974020 -7.8444223 -0.0308772 6.7881613 0.0070005 -0.0478440 -0.0120858 0.9987572
23.389770 -7.8824463 -0.0376463 7.1229639 -0.0007572 -0.0577194 -0.0130960 0.9982467
23.493760 -7.8931899 -0.0391870 7.2046351 -0.0028224 -0.0605343 -0.0118588 0.9980917
23.909390 -7.9420347 -0.0433386 7.5260410 0.0015478 -0.0726923 -0.0154005 0.9972343
24.221270 -7.9810743 -0.0460156 7.7665510 -0.0021627 -0.0810316 -0.0167657 0.9965681
24.740760 -8.0565243 -0.0502889 8.1604919 0.0018319 -0.1020562 -0.0132804 0.9946883
25.156270 -8.1332903 -0.0558044 8.4674215 -0.0045930 -0.1253366 -0.0152939 0.9919857
25.779520 -8.2749147 -0.0598442 8.9142504 -0.0056744 -0.1625550 -0.0123448 0.9866059
25.987390 -8.3293486 -0.0610870 9.0630541 -0.0002331 -0.1732029 -0.0103021 0.9848322
26.714890 -8.5431204 -0.0666970 9.5885983 -0.0069501 -0.2004974 -0.0153388 0.9795495
27.130890 -8.6769028 -0.0708154 9.8807325 0.0021207 -0.2112895 -0.0147177 0.9773104
28.066150 -9.0060873 -0.0760286 10.5466557 0.0040949 -0.2338948 -0.0199048 0.9720495
28.585770 -9.1975584 -0.0861112 10.8992014 0.0033018 -0.2455219 -0.0177211 0.9692234
29.832900 -9.6211233 -0.1056850 11.6686468 -0.0034055 -0.2703477 -0.0112868 0.9626905
30.975650 -9.9415312 -0.1053536 12.1548271 -0.0010702 -0.2880346 -0.0058454 0.9576015
32.531770 -10.2239628 -0.1051517 12.4634819 0.0005669 -0.4050518 -0.0097157 0.9142420
33.257770 -10.3611202 -0.1054642 12.5376759 -0.0042020 -0.4972010 -0.0198621 0.8673978
34.605900 -10.7560787 -0.0953671 12.5793476 -0.0046316 -0.7236702 -0.0162944 0.6899381
34.709660 -10.7983637 -0.0940006 12.5714111 -0.0066005 -0.7419736 -0.0156274 0.6702145
34.813400 -10.8420086 -0.0924559 12.5604095 -0.0078682 -0.7595445 -0.0154625 0.6502240
35.021020 -10.9353256 -0.0890135 12.5319376 -0.0102863 -0.7922453 -0.0150118 0.6099314
35.124770 -10.9831581 -0.0867506 12.5132160 -0.0118918 -0.8073412 -0.0138952 0.5898013
35.332520 -11.0825882 -0.0838807 12.4672441 -0.0159577 -0.8350555 -0.0115109 0.5498139
35.436400 -11.1339960 -0.0826610 12.4391890 -0.0176556 -0.8474912 -0.0107580 0.5304067
35.748650 -11.2977371 -0.0765186 12.3336000 0.0190437 0.8766991 0.0100332 -0.4805573
36.165670 -11.5381298 -0.0683229 12.1519566 0.0170777 0.8950749 0.0106617 -0.4454612
36.582670 -11.8023462 -0.0609100 11.9359751 0.0180161 0.9031208 0.0119856 -0.4288409
37.103550 -12.1649218 -0.0483613 11.6326342 0.0193521 0.9063794 0.0118804 -0.4218539
37.520030 -12.4810677 -0.0373166 11.3619814 0.0193076 0.9069667 0.0128065 -0.4205646
37.624150 -12.5641870 -0.0345646 11.2908621 0.0195380 0.9072066 0.0139191 -0.4200009
38.040280 -12.9065313 -0.0221732 10.9968910 0.0207842 0.9079059 0.0112261 -0.4185080
38.144280 -12.9946203 -0.0192920 10.9212666 0.0216673 0.9080670 0.0105613 -0.4181307
38.456150 -13.2668161 -0.0111534 10.6854992 0.0182991 0.9089501 0.0061265 -0.4164581
38.872030 -13.6460762 -0.0036537 10.3579340 0.0183468 0.9089409 0.0097485 -0.4164071
39.183930 -13.9340506 0.0026866 10.1096344 0.0197928 0.9091187 0.0108811 -0.4159244
39.703630 -14.4149380 0.0168103 9.6902037 0.0196795 0.9095099 0.0126326 -0.4150240
39.807870 -14.5110731 0.0195888 9.6058884 0.0199341 0.9096745 0.0120883 -0.4146670
40.223030 -14.8925676 0.0288298 9.2692890 0.0196577 0.9105051 0.0116403 -0.4128664
40.534990 -15.1758280 0.0358294 9.0155315 0.0169205 0.9106135 0.0125236 -0.4127225
41.054600 -15.6556053 0.0481911 8.5938292 0.0161375 0.9092168 0.0122913 -0.4158284
41.365930 -15.9438248 0.0579979 8.3448000 0.0213959 0.9084644 0.0171596 -0.4170614
41.677410 -16.2255421 0.0670170 8.0985718 0.0195443 0.9083729 0.0132072 -0.4174953
42.196450 -16.6972904 0.0827257 7.6924191 0.0199706 0.9090659 0.0142994 -0.4159278
42.507790 -16.9796219 0.0915113 7.4457703 0.0224064 0.9093755 0.0175954 -0.4149995
42.611550 -17.0696774 0.0959979 7.3663011 0.0224420 0.9095665 0.0165698 -0.4146211
43.026850 -17.4391365 0.1089799 7.0418177 0.0188885 0.9094480 0.0161841 -0.4150732
43.130550 -17.5287704 0.1132961 6.9637046 0.0179928 0.9093502 0.0163304 -0.4153213
43.442050 -17.8016872 0.1230729 6.7276869 0.0174288 0.9090357 0.0163060 -0.4160342
43.649770 -17.9832859 0.1301139 6.5692415 0.0177040 0.9087874 0.0152019 -0.4166065
43.961280 -18.2513714 0.1378243 6.3376694 0.0187294 0.9084126 0.0144763 -0.4174040
44.065190 -18.3393707 0.1409432 6.2627087 0.0186569 0.9083402 0.0122655 -0.4176356
44.480540 -18.6835136 0.1491556 5.9656067 0.0171108 0.9078982 0.0129353 -0.4186417
44.999710 -19.0925903 0.1611685 5.6183133 0.0155668 0.9081258 0.0127384 -0.4182141
45.726540 -19.6215897 0.1739623 5.1620584 0.0206292 0.9085870 0.0154075 -0.4169012
46.245920 -19.9492378 0.1851281 4.8718872 0.0248538 0.9120678 0.0118596 -0.4091138
47.386540 -20.4865952 0.2050865 4.2458930 0.0311658 0.9564639 0.0120422 -0.2899320
48.112290 -20.6300411 0.2064130 3.8314595 0.0109607 0.9911352 0.0122280 -0.1318386
48.838780 -20.6232510 0.2120524 3.4021549 0.0071969 0.9987720 0.0191005 0.0451422
48.942530 -20.6111469 0.2125486 3.3427417 0.0092393 0.9972933 0.0180000 0.0706873
49.254030 -20.5558205 0.2168540 3.1714277 0.0104880 0.9890815 0.0149673 0.1462318
49.357910 -20.5325603 0.2186700 3.1148849 0.0130049 0.9849836 0.0150252 0.1715002
49.565780 -20.4747467 0.2198314 3.0045764 0.0124983 0.9760228 0.0154831 0.2167569
49.773780 -20.4066620 0.2210276 2.8957136 0.0120304 0.9665104 0.0197373 0.2555844
49.982180 -20.3310719 0.2230811 2.7862408 0.0139522 0.9578881 0.0219670 0.2859600
50.086410 -20.2902184 0.2241142 2.7314892 0.0134416 0.9540820 0.0223858 0.2984055
50.295050 -20.2036724 0.2269069 2.6211538 0.0124312 0.9481644 0.0215194 0.3168069
50.399300 -20.1584454 0.2275539 2.5660133 0.0117378 0.9460360 0.0209930 0.3231677
50.712390 -20.0187607 0.2310271 2.3976896 0.0108378 0.9416144 0.0182630 0.3360229
51.025280 -19.8661366 0.2338845 2.2161834 0.0125135 0.9393748 0.0177021 0.3422061
51.338030 -19.7014465 0.2365784 2.0285659 0.0103201 0.9386064 0.0169749 0.3444173
51.442160 -19.6442165 0.2378663 1.9608793 0.0125458 0.9386538 0.0176831 0.3441787
51.858780 -19.4009438 0.2418865 1.6736174 0.0123339 0.9390637 0.0091352 0.3434003
52.171030 -19.1994019 0.2422895 1.4404895 0.0090602 0.9393631 0.0106837 0.3426379
52.483160 -18.9874268 0.2459718 1.1906732 0.0064169 0.9391441 0.0126084 0.3432320
53.107160 -18.5186691 0.2528673 0.6419079 0.0053466 0.9389306 0.0162784 0.3436796
53.627040 -18.0949535 0.2628190 0.1372793 0.0128671 0.9389079 0.0142600 0.3436321
54.042910 -17.7415543 0.2661966 -0.2763208 0.0107607 0.9393544 0.0175648 0.3423287
54.146780 -17.6533489 0.2675284 -0.3823492 0.0129370 0.9393820 0.0191103 0.3420948
54.562530 -17.3034973 0.2757268 -0.8033826 0.0181398 0.9391274 0.0293833 0.3418294
54.666410 -17.2168121 0.2789904 -0.9074617 0.0192588 0.9391717 0.0288792 0.3416895
54.978530 -16.9583549 0.2851699 -1.2116022 0.0216778 0.9398398 0.0194660 0.3403707
55.290780 -16.7010117 0.2877493 -1.5199707 0.0209140 0.9401873 0.0226415 0.3392607
55.601700 -16.4508572 0.2919012 -1.8229809 0.0162449 0.9434837 0.0216523 0.3303117
56.122050 -16.0726738 0.3025589 -2.3541994 0.0204154 0.9570515 0.0266701 0.2879658
56.747290 -15.7281427 0.3222506 -3.0367706 0.0290768 0.9802909 0.0189805 0.1944840
56.851430 -15.6839962 0.3239233 -3.1553726 0.0276494 0.9834774 0.0153586 0.1782465
57.163560 -15.5692177 0.3244960 -3.5198035 0.0247570 0.9904557 0.0137594 0.1348901
57.682930 -15.4371815 0.3333539 -4.1578879 0.0238972 0.9957699 0.0168342 0.0871083
58.305440 -15.3283310 0.3494874 -4.9677935 0.0312189 0.9973720 0.0243951 0.0606578
58.927820 -15.2152882 0.3754255 -5.8264632 0.0189500 0.9977904 0.0207327 0.0602107
59.446780 -15.1216640 0.3935428 -6.5672431 0.0148781 0.9977752 0.0176587 0.0625415
59.758420 -15.0664368 0.4027371 -7.0279703 0.0139187 0.9979038 0.0180329 0.0605737
60.173450 -14.9952269 0.4117315 -7.6348362 0.0122661 0.9979682 0.0213075 0.0587797
60.900200 -14.8739567 0.4327503 -8.6737556 0.0097568 0.9983467 0.0195806 0.0531537
109.860500 -0.0190241 0.0016311 -0.0964942 -0.0009523 -0.0161080 -0.0037332 0.9998628
110.068200 -0.0201853 0.0005405 -0.0365785 0.0011483 -0.0140392 -0.0020364 0.9998987
110.276000 -0.0220634 -0.0002517 0.0263997 0.0022169 -0.0118827 -0.0048457 0.9999152
110.795600 -0.0190259 -0.0042148 0.1880273 0.0041343 -0.0017032 0.0043660 0.9999804
111.106600 -0.0273879 -0.0065659 0.2797061 0.0086384 -0.0246353 -0.0037325 0.9996522
111.625100 -0.0525537 -0.0106177 0.4272569 0.0009772 -0.0840664 -0.0078777 0.9964285
112.248300 -0.1010728 -0.0134724 0.5915759 -0.0071789 -0.1309226 -0.0179762 0.9912036
112.665100 -0.1248462 -0.0131447 0.6952955 -0.0101185 -0.1154199 -0.0129267 0.9931811
