1305031914.133245 0.0000000 0.0000000 0.0000000 0.0000000 0.0000000 0.0000000 1.0000000
1305031914.165013 0.0201028 0.0008469 -0.0049824 0.0010933 0.0077589 0.0104611 0.9999146
1305031914.197110 0.0353702 0.0035164 -0.0130130 0.0032479 0.0175929 0.0168253 0.9996984
1305031914.233108 0.0587182 -0.0051981 -0.0232161 0.0032052 0.0264838 0.0225533 0.9993896
1305031914.265074 0.0771983 -0.0006714 -0.0287407 0.0142017 0.0391232 0.0270761 0.9987665
1305031914.297165 0.0931786 0.0095848 -0.0372787 0.0237891 0.0493721 0.0271324 0.9981284
1305031914.365058 0.1272638 0.0248016 -0.0544811 0.0198669 0.0570251 0.0236517 0.9978948
1305031914.397215 0.1467698 0.0279161 -0.0617161 0.0132641 0.0546442 0.0230489 0.9981517
1305031914.433060 0.1693718 0.0313201 -0.0699932 0.0085191 0.0519299 0.0220999 0.9983698
1305031914.764901 0.3692115 0.0780963 -0.1430591 -0.0209058 0.0713228 -0.0083962 0.9971988
1305031914.833133 0.3972276 0.0735771 -0.1518851 -0.0315741 0.0702047 -0.0096797 0.9969858
1305031914.897188 0.4285479 0.0739621 -0.1617092 -0.0332591 0.0609094 -0.0152370 0.9974726
1305031915.097024 0.5379761 0.0739160 -0.1897698 -0.0251086 0.0282080 -0.0269476 0.9989232
1305031915.397167 0.6945940 0.0579451 -0.2134284 -0.0060579 -0.0388140 -0.1025945 0.9939473
1305031915.801243 0.8889022 -0.0049992 -0.2092111 -0.0137199 -0.1458009 -0.2122955 0.9661700
1305031915.901234 0.9414771 -0.0150565 -0.1937732 -0.0180489 -0.1931557 -0.2393531 0.9513544
1305031916.101115 1.0141346 -0.0995986 -0.1677580 -0.0182530 -0.2412506 -0.2855394 0.9273253
1305031916.601238 1.2166567 -0.1895156 -0.1381003 0.1901029 -0.4077040 -0.2821806 0.8473561
1305031916.701048 1.2333291 -0.2199173 -0.1148431 0.2088564 -0.4396119 -0.2779106 0.8281823
1305031916.765076 1.2445054 -0.2356730 -0.1018325 0.2212696 -0.4573374 -0.2721884 0.8171877
1305031916.801088 1.2486210 -0.2448581 -0.0915998 0.2272217 -0.4672187 -0.2650177 0.8123069
1305031917.001132 1.2699825 -0.3125491 -0.0645761 0.2577819 -0.5182002 -0.2363946 0.7804708
1305031917.133106 1.2834597 -0.3572060 -0.0448758 0.3113094 -0.5424490 -0.2169246 0.7495193
1305031917.233102 1.2945396 -0.3662247 -0.0528578 0.3519179 -0.5487050 -0.1950925 0.7328134
1305031917.301107 1.3054965 -0.3890390 -0.0615099 0.3666207 -0.5558808 -0.1828962 0.7232805
1305031917.433141 1.3249388 -0.4119806 -0.0845715 0.3521909 -0.5633293 -0.1876502 0.7234702
1305031917.501158 1.3397241 -0.4153975 -0.0828748 0.3251706 -0.5596637 -0.1977546 0.7361615
1305031917.565195 1.3415953 -0.4154482 -0.0834572 0.3007665 -0.5537307 -0.2194271 0.7448312
1305031917.701096 1.3729860 -0.4170822 -0.0922499 0.2488541 -0.5497632 -0.2519879 0.7565277
1305031917.765114 1.3972179 -0.4181018 -0.0987425 0.2175964 -0.5519974 -0.2632886 0.7606772
1305031917.901060 1.4343971 -0.4204271 -0.1079598 0.1420692 -0.5457938 -0.2979008 0.7701822
1305031917.965346 1.4353369 -0.4219651 -0.1071266 0.1053476 -0.5345421 -0.3191383 0.7754465
1305031918.033144 1.4669144 -0.4202293 -0.1203172 0.0759151 -0.5249825 -0.3366415 0.7780121
1305031947.169117 0.5133362 0.2505933 -0.3073166 0.0438191 -0.0553859 -0.1216330 0.9900594
1305031947.304951 0.5538075 0.2580179 -0.3084769 0.0363582 -0.0583683 -0.1321013 0.9888480
1305031947.537022 0.6409819 0.2302812 -0.2846988 0.0355771 -0.1047621 -0.1730347 0.9786819
1305031947.904995 0.8333936 0.1765397 -0.2397643 0.0818870 -0.2296069 -0.2801229 0.9284968
1305031948.068973 0.9000325 0.1473410 -0.2124483 0.0807661 -0.2609096 -0.3064417 0.9118643
1305031948.337101 0.9797112 0.0926175 -0.1371372 0.0795952 -0.3114167 -0.3252663 0.8893178
1305031948.636912 1.0456593 -0.0195833 -0.0072282 0.0493284 -0.2897621 -0.3435826 0.8919393
1305031949.005006 1.1331115 -0.1047348 0.1410091 -0.0253177 -0.2478177 -0.3482396 0.9037005
1305031949.105077 1.1433315 -0.1138483 0.1803788 -0.0688652 -0.2325728 -0.3586814 0.9013962
1305031949.204940 1.1551374 -0.1203834 0.2145384 -0.1064809 -0.2420360 -0.3768841 0.8877155
1305031949.405064 1.1850721 -0.1627284 0.2746300 -0.1457893 -0.2805579 -0.4369589 0.8420805
1305031949.505002 1.2000637 -0.1888268 0.2913955 -0.1395908 -0.2980289 -0.4578909 0.8258505
1305031949.604798 1.2061620 -0.2234017 0.2982795 -0.1261849 -0.3259467 -0.4684360 0.8114209
1305031949.705003 1.2043875 -0.2624987 0.2980460 -0.0963257 -0.3548447 -0.4718232 0.8013672
1305031949.804939 1.1983569 -0.2985486 0.2905104 -0.0598183 -0.3745372 -0.4636667 0.8007227
1305031949.904851 1.1922865 -0.3356890 0.2832805 -0.0145905 -0.4001146 -0.4487272 0.7989614
1305031950.036989 1.1970935 -0.3801644 0.2750899 0.0554272 -0.4112738 -0.4180745 0.8080813
1305031950.168914 1.1834958 -0.4324122 0.2577979 0.1299179 -0.4192744 -0.3524262 0.8265145
1305031950.304978 1.1869736 -0.4536203 0.2527913 0.2219696 -0.4261259 -0.2950958 0.8258721
1305031950.637006 1.1689503 -0.4659985 0.2506107 0.3074392 -0.4414400 -0.2417479 0.8075703
1305031950.704873 1.1698253 -0.4675664 0.2512311 0.2875812 -0.4371510 -0.2481642 0.8152365
1305031950.768897 1.1694783 -0.4685229 0.2516591 0.2579336 -0.4341970 -0.2645863 0.8215457
1305031950.869014 1.1810168 -0.4532112 0.3148031 0.2119374 -0.4329172 -0.2871682 0.8277679
1305031950.968904 1.1924164 -0.4584440 0.3303886 0.1644477 -0.4280031 -0.3077161 0.8337152
1305031951.069013 1.2152669 -0.4688449 0.3589736 0.1410193 -0.4309293 -0.3282823 0.8286400
1305031951.204914 1.2574385 -0.4546653 0.3959357 0.1097706 -0.4372302 -0.3609155 0.8164069
1305031951.336937 1.3044009 -0.4831102 0.4292728 0.0751148 -0.4429613 -0.4250692 0.7857857
1305031951.468857 1.3517685 -0.5014189 0.4715352 0.0546428 -0.4314809 -0.4714960 0.7671570
1305031951.604927 1.3903881 -0.5272593 0.5222709 0.0223966 -0.4119236 -0.4776906 0.7756475
1305031951.736828 1.4201183 -0.5516986 0.5828910 -0.0045395 -0.3879383 -0.4862362 0.7829799
1305031952.004839 1.4324826 -0.5983232 0.7052444 -0.0637030 -0.3381380 -0.4871673 0.8026660
1305031952.105135 1.4258038 -0.6188521 0.7377385 -0.0679770 -0.3519892 -0.4921219 0.7932835
1305031952.368960 1.4042704 -0.6854931 0.8038489 -0.0487194 -0.4341145 -0.5506703 0.7112898
1305031952.468939 1.3897740 -0.7092758 0.8240340 -0.0463478 -0.4335024 -0.5433875 0.7173963
1305031952.536948 1.3791554 -0.7243053 0.8373659 -0.0431858 -0.4351167 -0.5390743 0.7198662
1305031953.036943 1.3336426 -0.7847291 0.8694274 0.0214518 -0.5969655 -0.4819079 0.6410435
1305031953.337012 1.3214785 -0.8279120 0.8652148 0.0570815 -0.6445704 -0.4935747 0.5810807
1305031953.436876 1.3274833 -0.8324592 0.8539008 0.0607825 -0.6632625 -0.4875081 0.5645567
1305031953.536948 1.3368784 -0.8330705 0.8389753 0.0468600 -0.6728362 -0.4830605 0.5583441
1305031953.636962 1.3483467 -0.8326196 0.8281248 0.0299835 -0.6682547 -0.4905330 0.5584926
1305031953.836840 1.3684726 -0.8250913 0.8118152 -0.0156225 -0.6399186 -0.4845422 0.5962207
1305031953.972857 1.3819437 -0.8164117 0.8058684 -0.0284662 -0.5943021 -0.4811400 0.6438161
1305031954.136939 1.3985220 -0.8069425 0.7814596 -0.0071604 -0.5253326 -0.4942928 0.6925669
1305031954.404711 1.4199655 -0.7778676 0.6866050 0.0311275 -0.4705012 -0.4853038 0.7363015
1305031954.672891 1.4390378 -0.7268211 0.5834234 0.0356492 -0.4297833 -0.4577486 0.7774842
1305031954.836924 1.4459618 -0.6897981 0.5300395 0.0472733 -0.4313854 -0.4535836 0.7784175
1305031955.004936 1.4491074 -0.6602776 0.4927456 0.0520214 -0.4104928 -0.4451177 0.7941408
1305031955.173003 1.4545512 -0.6213210 0.4759799 0.0435861 -0.3898489 -0.4494568 0.8025625
1305031955.804902 1.4455098 -0.5961618 0.4678419 0.0106486 -0.3611196 -0.4420450 0.8210210
1305031956.104901 1.4533002 -0.6017711 0.4646426 0.0139024 -0.3638640 -0.4299237 0.8261811
