0.000000 0.0000000 0.0000000 0.0000000 0.0000000 0.0000000 0.0000000 1.0000000
0.519499 -0.0044612 -0.0004921 0.0403933 0.0016796 -0.0207544 -0.0010142 0.9997827
0.623377 -0.0063419 -0.0004343 0.0504887 0.0021308 -0.0274305 -0.0009848 0.9996210
0.830874 -0.0103086 -0.0006022 0.0737876 0.0021543 -0.0450204 -0.0002674 0.9989837
0.934622 -0.0130833 -0.0007739 0.0866276 0.0022313 -0.0549773 0.0003344 0.9984850
1.349627 -0.0314689 -0.0024092 0.1418905 0.0049589 -0.1048131 -0.0052086 0.9944659
1.453253 -0.0378344 -0.0029155 0.1568937 0.0050230 -0.1196101 -0.0055865 0.9927925
1.660772 -0.0522065 -0.0037237 0.1879270 0.0046814 -0.1518294 -0.0077491 0.9883652
2.282875 -0.1126609 -0.0047934 0.2804468 0.0045693 -0.2639991 -0.0079968 0.9644790
2.490144 -0.1419373 -0.0054735 0.3102058 0.0024492 -0.3108406 -0.0113171 0.9503915
2.697329 -0.1768593 -0.0062000 0.3390628 0.0021281 -0.3616458 -0.0129784 0.9322228
2.904641 -0.2168228 -0.0060598 0.3676184 -0.0002301 -0.4147160 -0.0080158 0.9099156
3.008248 -0.2394916 -0.0058948 0.3809268 -0.0013960 -0.4409386 -0.0072303 0.8975071
3.215751 -0.2900541 -0.0053460 0.4038861 -0.0040549 -0.4936016 -0.0064996 0.8696544
3.319374 -0.3178016 -0.0052368 0.4137350 -0.0051826 -0.5195885 -0.0066993 0.8543746
3.423126 -0.3474604 -0.0049475 0.4224920 -0.0065935 -0.5451473 -0.0070024 0.8382851
3.526893 -0.3789520 -0.0044622 0.4301026 -0.0072412 -0.5699502 -0.0076103 0.8216121
3.734395 -0.4484971 -0.0044886 0.4428327 -0.0118353 -0.6159037 -0.0073389 0.7876983
3.838251 -0.4859820 -0.0041493 0.4464905 -0.0124860 -0.6362245 -0.0068741 0.7713723
3.942122 -0.5256040 -0.0037482 0.4484897 -0.0118305 -0.6546450 -0.0080294 0.7558012
4.046284 -0.5673003 -0.0025646 0.4493404 -0.0109431 -0.6706727 -0.0089024 0.7416192
4.150266 -0.6097078 -0.0014885 0.4489668 -0.0098426 -0.6846986 -0.0088430 0.7287062
4.358512 -0.7007870 -0.0001712 0.4455101 -0.0080586 -0.7083492 -0.0066532 0.7057848
4.462646 -0.7483304 0.0004625 0.4422158 -0.0071459 -0.7176867 -0.0062266 0.6963016
4.566885 -0.7974337 0.0016374 0.4381616 -0.0061098 -0.7249397 -0.0055412 0.6887629
4.775500 -0.9012428 0.0034965 0.4282274 -0.0064200 -0.7349762 -0.0048102 0.6780455
4.879959 -0.9557959 0.0035793 0.4222566 -0.0064417 -0.7382115 -0.0057069 0.6745145
4.984250 -1.0116824 0.0037022 0.4157212 -0.0061415 -0.7404447 -0.0070122 0.6720527
5.088502 -1.0689651 0.0042057 0.4094558 -0.0064384 -0.7419516 -0.0073910 0.6703817
5.297154 -1.1884940 0.0057221 0.3968422 -0.0089482 -0.7420738 -0.0068920 0.6702230
5.505749 -1.3144250 0.0069850 0.3834217 -0.0087096 -0.7409304 -0.0089575 0.6714656
5.714253 -1.4466333 0.0090935 0.3704135 -0.0071018 -0.7400414 -0.0087396 0.6724670
5.922523 -1.5849855 0.0115306 0.3572471 -0.0090166 -0.7388059 -0.0111868 0.6737651
6.130876 -1.7287105 0.0135648 0.3433436 -0.0086694 -0.7375236 -0.0126448 0.6751473
6.339025 -1.8778310 0.0165634 0.3295136 -0.0063996 -0.7364266 -0.0123489 0.6763745
6.547271 -2.0312412 0.0191098 0.3170735 -0.0096620 -0.7355543 -0.0121765 0.6772875
6.755380 -2.1873124 0.0215482 0.3038298 -0.0089456 -0.7349153 -0.0107337 0.6780150
6.963378 -2.3454165 0.0236029 0.2914075 -0.0066911 -0.7349931 -0.0046950 0.6780253
7.171256 -2.5082395 0.0247605 0.2775185 -0.0097798 -0.7351866 -0.0075598 0.6777520
7.379272 -2.6722751 0.0269866 0.2628530 -0.0128802 -0.7353297 -0.0132941 0.6774567
7.587271 -2.8353999 0.0293975 0.2476216 -0.0111259 -0.7354752 -0.0129048 0.6773373
7.795131 -2.9996810 0.0320514 0.2321610 -0.0099646 -0.7355605 -0.0131452 0.6772582
8.003004 -3.1617169 0.0340630 0.2181723 -0.0096751 -0.7355394 -0.0141618 0.6772648
8.211004 -3.3239417 0.0369107 0.2036273 -0.0055669 -0.7353354 -0.0114656 0.6775836
8.418880 -3.4867043 0.0378400 0.1905475 -0.0072522 -0.7350474 -0.0122575 0.6778661
8.626899 -3.6492820 0.0402887 0.1770767 -0.0113231 -0.7346110 -0.0156515 0.6782134
8.834756 -3.8110120 0.0439316 0.1633279 -0.0123635 -0.7345752 -0.0166881 0.6782093
9.042758 -3.9731164 0.0469009 0.1496845 -0.0089644 -0.7344757 -0.0140201 0.6784309
9.250652 -4.1345010 0.0493196 0.1347519 -0.0048719 -0.7345086 -0.0150893 0.6784142
9.458529 -4.2942810 0.0503914 0.1220457 -0.0049388 -0.7352493 -0.0110141 0.6776893
9.666385 -4.4538803 0.0520107 0.1086508 -0.0072885 -0.7361813 -0.0099124 0.6766725
9.874249 -4.6141291 0.0533079 0.0947953 -0.0120715 -0.7373896 -0.0121782 0.6752500
10.082130 -4.7706571 0.0552524 0.0794283 -0.0091876 -0.7382675 -0.0116194 0.6743454
10.290010 -4.9262147 0.0570844 0.0623791 -0.0044438 -0.7391213 -0.0129909 0.6734324
10.497760 -5.0808229 0.0579292 0.0461019 -0.0048216 -0.7397010 -0.0147025 0.6727577
10.705630 -5.2340503 0.0596345 0.0295799 -0.0036105 -0.7401266 -0.0153728 0.6722821
10.913510 -5.3849616 0.0613439 0.0156160 -0.0061208 -0.7405605 -0.0160599 0.6717699
11.121380 -5.5340223 0.0630955 0.0010521 -0.0084179 -0.7408812 -0.0184532 0.6713298
11.537150 -5.8214178 0.0699663 -0.0279501 -0.0054676 -0.7414209 -0.0145004 0.6708613
11.849140 -6.0245609 0.0700327 -0.0496187 -0.0039024 -0.7386609 -0.0150703 0.6738974
12.265510 -6.2733989 0.0717934 -0.0672138 -0.0054454 -0.7272995 -0.0177000 0.6860703
12.578130 -6.4424062 0.0742892 -0.0697201 -0.0048280 -0.7079788 -0.0203790 0.7059231
12.891130 -6.5917544 0.0761173 -0.0571017 -0.0061783 -0.6758620 -0.0183300 0.7367743
13.308760 -6.7637410 0.0770961 -0.0148767 -0.0089562 -0.6089250 -0.0153008 0.7930296
13.517630 -6.8400264 0.0772771 0.0203940 -0.0108176 -0.5660648 -0.0078445 0.8242524
13.726510 -6.9132013 0.0792669 0.0638300 -0.0114288 -0.5185310 -0.0044583 0.8549708
13.935130 -6.9810052 0.0802571 0.1159097 -0.0145407 -0.4716939 -0.0001115 0.8816425
14.039380 -7.0120788 0.0803438 0.1453202 -0.0175370 -0.4479131 0.0045020 0.8938938
14.143650 -7.0416427 0.0804877 0.1751960 -0.0165110 -0.4235646 0.0062053 0.9056941
14.247880 -7.0702310 0.0808989 0.2060624 -0.0126417 -0.3985347 0.0066320 0.9170421
14.352150 -7.0972161 0.0810686 0.2388856 -0.0066293 -0.3723069 0.0073803 0.9280567
14.456380 -7.1237650 0.0813041 0.2744146 -0.0018340 -0.3449025 0.0065881 0.9386136
14.560630 -7.1494298 0.0814204 0.3132148 -0.0000401 -0.3168674 0.0064029 0.9484482
14.769010 -7.1972170 0.0806800 0.4002986 0.0024919 -0.2606296 0.0054336 0.9654204
14.977150 -7.2394581 0.0787550 0.4984939 0.0021086 -0.2103195 0.0015868 0.9776291
15.081160 -7.2596893 0.0780373 0.5508332 0.0033749 -0.1880586 -0.0008907 0.9821516
15.185010 -7.2783656 0.0774343 0.6057952 0.0030074 -0.1688810 -0.0033369 0.9856262
15.288760 -7.2958460 0.0764858 0.6640337 0.0019855 -0.1531664 -0.0035405 0.9881921
15.392480 -7.3117476 0.0756709 0.7242871 0.0011161 -0.1406254 -0.0030077 0.9900577
15.496190 -7.3275771 0.0755257 0.7872790 0.0001143 -0.1297950 -0.0029060 0.9915366
15.599910 -7.3433261 0.0749114 0.8521464 -0.0010951 -0.1204532 -0.0040164 0.9927103
15.703610 -7.3587666 0.0746469 0.9182780 -0.0016023 -0.1125951 -0.0065168 0.9936183
15.911010 -7.3872228 0.0735632 1.0561106 -0.0021942 -0.0992391 -0.0075688 0.9950324
16.118550 -7.4117842 0.0727694 1.2001392 -0.0024344 -0.0850327 -0.0077798 0.9963448
16.326140 -7.4354839 0.0716578 1.3512994 -0.0012248 -0.0712695 -0.0089771 0.9974160
16.533760 -7.4549923 0.0699416 1.5075309 0.0044272 -0.0609561 -0.0087653 0.9980921
16.741260 -7.4732356 0.0679510 1.6696359 0.0014043 -0.0536077 -0.0093883 0.9985170
16.948890 -7.4919558 0.0652447 1.8344806 -0.0045041 -0.0488362 -0.0118502 0.9987264
17.156420 -7.5076952 0.0636336 1.9966446 -0.0036185 -0.0455209 -0.0112190 0.9988939
17.364000 -7.5217853 0.0620250 2.1601527 -0.0060397 -0.0429486 -0.0096783 0.9990122
17.571660 -7.5354705 0.0611456 2.3231475 -0.0050739 -0.0401792 -0.0080297 0.9991474
17.779390 -7.5489321 0.0592666 2.4828246 0.0024388 -0.0385352 -0.0099873 0.9992043
17.987010 -7.5627522 0.0562006 2.6452291 0.0035786 -0.0366478 -0.0111770 0.9992594
18.194760 -7.5753417 0.0530846 2.8066497 -0.0008302 -0.0344402 -0.0140845 0.9993072
18.402390 -7.5862408 0.0505392 2.9664142 -0.0018505 -0.0325567 -0.0115297 0.9994017
18.610130 -7.5969529 0.0484819 3.1264465 -0.0009476 -0.0314476 -0.0104640 0.9994501
18.817760 -7.6069899 0.0463203 3.2879677 -0.0004511 -0.0307339 -0.0091319 0.9994858
19.025510 -7.6185737 0.0442533 3.4519091 -0.0004760 -0.0302266 -0.0108083 0.9994845
19.233260 -7.6293721 0.0422421 3.6177473 -0.0006770 -0.0320798 -0.0093064 0.9994417
19.440890 -7.6427894 0.0397229 3.7865880 -0.0004099 -0.0351370 -0.0120499 0.9993098
19.648510 -7.6573143 0.0375622 3.9571679 0.0038255 -0.0375834 -0.0129747 0.9992020
19.856260 -7.6731114 0.0343529 4.1309566 0.0039346 -0.0394120 -0.0126261 0.9991355
20.064010 -7.6880488 0.0308226 4.3076096 0.0025116 -0.0413979 -0.0115170 0.9990732
20.271890 -7.7042222 0.0286413 4.4890499 -0.0016624 -0.0424820 -0.0107714 0.9990378
20.479750 -7.7205696 0.0266005 4.6726871 -0.0028319 -0.0412110 -0.0121942 0.9990720
20.687510 -7.7359972 0.0248050 4.8572659 -0.0011089 -0.0395074 -0.0111913 0.9991560
20.895390 -7.7505488 0.0227668 5.0435152 -0.0002343 -0.0376744 -0.0085533 0.9992535
21.103270 -7.7641721 0.0204844 5.2306843 -0.0027859 -0.0368958 -0.0061089 0.9992965
21.311120 -7.7789736 0.0179685 5.4152703 -0.0013133 -0.0358734 -0.0067366 0.9993328
21.519010 -7.7937789 0.0146088 5.5974073 0.0044029 -0.0349739 -0.0088304 0.9993395
21.726890 -7.8080955 0.0094107 5.7799120 0.0075840 -0.0340934 -0.0111504 0.9993277
21.934640 -7.8215518 0.0054774 5.9630976 0.0001480 -0.0341754 -0.0091828 0.9993737
22.142620 -7.8345575 0.0023461 6.1426587 -0.0026148 -0.0360749 -0.0076184 0.9993166
22.350390 -7.8474164 -0.0005561 6.3191848 -0.0003608 -0.0385017 -0.0045413 0.9992481
22.558370 -7.8638883 -0.0037635 6.4942355 0.0026711 -0.0413878 -0.0065079 0.9991184
22.766140 -7.8808317 -0.0078487 6.6673918 0.0064333 -0.0448859 -0.0080624 0.9989389
22.974020 -7.8999166 -0.0124440 6.8384590 0.0057018 -0.0482299 -0.0121421 0.9987462
23.181990 -7.9193015 -0.0166009 7.0096140 0.0000943 -0.0521331 -0.0136367 0.9985470
23.285910 -7.9287009 -0.0180815 7.0946851 -0.0017620 -0.0548070 -0.0131699 0.9984086
23.493760 -7.9493756 -0.0202067 7.2636995 -0.0041459 -0.0610360 -0.0116639 0.9980588
23.597640 -7.9606647 -0.0212647 7.3466821 -0.0038984 -0.0643372 -0.0119616 0.9978489
23.805540 -7.9861426 -0.0229583 7.5106835 -0.0013784 -0.0702054 -0.0153286 0.9974138
24.013390 -8.0112429 -0.0254298 7.6722593 0.0007580 -0.0760066 -0.0157062 0.9969833
24.221270 -8.0387983 -0.0266733 7.8347855 -0.0036991 -0.0815705 -0.0164991 0.9965242
24.429140 -8.0680265 -0.0284961 7.9941030 -0.0029696 -0.0882217 -0.0150396 0.9959829
24.533020 -8.0830011 -0.0288541 8.0722132 0.0007006 -0.0924808 -0.0143918 0.9956102
24.740760 -8.1164179 -0.0313511 8.2292290 0.0000448 -0.1024340 -0.0128407 0.9946569
24.948510 -8.1533995 -0.0323872 8.3851252 -0.0068143 -0.1141458 -0.0131389 0.9933537
25.156270 -8.1947613 -0.0332955 8.5378218 -0.0059330 -0.1255246 -0.0150829 0.9919581
25.467890 -8.2615757 -0.0337978 8.7641382 -0.0011558 -0.1442007 -0.0139081 0.9894500
25.675640 -8.3117733 -0.0348186 8.9180708 -0.0075395 -0.1563261 -0.0134834 0.9875847
26.091270 -8.4218864 -0.0364157 9.2200899 0.0014498 -0.1774842 -0.0088326 0.9840829
26.299290 -8.4820709 -0.0385130 9.3704481 0.0030526 -0.1854104 -0.0117610 0.9825860
26.714890 -8.6121378 -0.0413156 9.6747303 -0.0081054 -0.2004630 -0.0160107 0.9795369
26.922890 -8.6805496 -0.0414025 9.8233719 -0.0021121 -0.2063976 -0.0188108 0.9782851
27.234770 -8.7853165 -0.0426742 10.0491991 -0.0005187 -0.2134707 -0.0188562 0.9767674
27.546520 -8.8933687 -0.0449043 10.2740383 0.0013370 -0.2217015 -0.0179308 0.9749488
27.754390 -8.9682302 -0.0458973 10.4224663 0.0056761 -0.2267672 -0.0179391 0.9737672
28.066150 -9.0831070 -0.0496600 10.6447887 0.0026672 -0.2335974 -0.0202899 0.9721180
28.274040 -9.1601334 -0.0524108 10.7914486 0.0028414 -0.2383495 -0.0183695 0.9710016
28.481890 -9.2390242 -0.0542857 10.9365892 0.0024829 -0.2428852 -0.0187440 0.9698707
28.689660 -9.3179998 -0.0572074 11.0787420 0.0044309 -0.2476234 -0.0180183 0.9686787
28.897520 -9.3961792 -0.0600069 11.2179241 0.0078210 -0.2521923 -0.0164848 0.9675051
29.105390 -9.4759245 -0.0627883 11.3561630 0.0017060 -0.2557317 -0.0179511 0.9665796
29.313270 -9.5538578 -0.0645499 11.4906015 -0.0059839 -0.2586983 -0.0165157 0.9657984
29.521140 -9.6296558 -0.0642204 11.6178331 -0.0042073 -0.2618676 -0.0143070 0.9649886
29.729040 -9.7026682 -0.0651079 11.7389240 -0.0024661 -0.2648325 -0.0129145 0.9642048
29.936770 -9.7728128 -0.0657004 11.8534365 -0.0028670 -0.2671729 -0.0120918 0.9635684
30.144650 -9.8380175 -0.0664172 11.9593582 -0.0040681 -0.2694973 -0.0108413 0.9629315
30.352400 -9.8985386 -0.0671727 12.0570440 -0.0039585 -0.2717486 -0.0094546 0.9623137
30.560270 -9.9563742 -0.0680212 12.1439199 0.0001429 -0.2737315 -0.0093402 0.9617608
30.767900 -10.0084791 -0.0691066 12.2242994 -0.0000823 -0.2777814 -0.0053504 0.9606294
30.975650 -10.0574942 -0.0698985 12.2965899 -0.0010508 -0.2838593 -0.0075016 0.9588360
31.183270 -10.1039009 -0.0708586 12.3614054 -0.0056605 -0.2900427 -0.0120928 0.9569206
31.598390 -10.1821575 -0.0714264 12.4685879 -0.0107506 -0.3108184 -0.0079533 0.9503753
31.805770 -10.2192411 -0.0721095 12.5101233 -0.0108724 -0.3278024 -0.0089845 0.9446411
32.013150 -10.2534542 -0.0725423 12.5447865 -0.0071185 -0.3486612 -0.0082126 0.9371858
32.220650 -10.2865906 -0.0725538 12.5748672 -0.0021199 -0.3695137 -0.0084328 0.9291846
32.635530 -10.3578691 -0.0709848 12.6300869 -0.0015024 -0.4144511 -0.0105544 0.9100091
32.842900 -10.3970127 -0.0710210 12.6538935 -0.0034530 -0.4409161 -0.0135210 0.8974398
33.050400 -10.4370804 -0.0701537 12.6752787 -0.0050496 -0.4679833 -0.0167172 0.8835648
33.257770 -10.4784431 -0.0702541 12.6924295 -0.0053817 -0.4945979 -0.0212940 0.8688443
33.465270 -10.5208797 -0.0706437 12.7080660 -0.0062121 -0.5225426 -0.0227568 0.8522868
33.672790 -10.5685568 -0.0694635 12.7222347 -0.0030864 -0.5532804 -0.0206729 0.8327328
33.880040 -10.6258774 -0.0683648 12.7347631 -0.0026671 -0.5882351 -0.0198093 0.8084429
34.087400 -10.6907587 -0.0666027 12.7423658 -0.0020646 -0.6251312 -0.0182648 0.7803032
34.294770 -10.7626257 -0.0652001 12.7433853 -0.0025182 -0.6631340 -0.0175808 0.7482900
34.502140 -10.8433332 -0.0630299 12.7384453 -0.0057591 -0.7015701 -0.0178377 0.7123539
34.709660 -10.9280825 -0.0602699 12.7256403 -0.0096689 -0.7388831 -0.0168247 0.6735542
34.917150 -11.0201454 -0.0554548 12.7018728 -0.0116389 -0.7734345 -0.0165602 0.6335529
35.124770 -11.1196260 -0.0509267 12.6673965 -0.0146927 -0.8045315 -0.0148292 0.5935430
35.332520 -11.2233610 -0.0474902 12.6205978 -0.0187769 -0.8324679 -0.0122160 0.5536203
35.436400 -11.2775774 -0.0457840 12.5919209 -0.0204858 -0.8450268 -0.0113868 0.5342101
35.540420 -11.3324518 -0.0439288 12.5594053 -0.0213620 -0.8563789 -0.0109034 0.5157907
35.644400 -11.3898649 -0.0416071 12.5228853 0.0217808 0.8662695 0.0106697 -0.4989879
35.852770 -11.5070038 -0.0372685 12.4406424 0.0207938 0.8808744 0.0108270 -0.4727691
35.957050 -11.5681629 -0.0352046 12.3956251 0.0200698 0.8859013 0.0107839 -0.4633138
36.061290 -11.6315975 -0.0326410 12.3477974 0.0195265 0.8897708 0.0112362 -0.4558513
36.269900 -11.7628527 -0.0276411 12.2470531 0.0206841 0.8956189 0.0112769 -0.4441980
36.374170 -11.8316212 -0.0252325 12.1933336 0.0213102 0.8978485 0.0114163 -0.4396402
36.478420 -11.9006357 -0.0220705 12.1367369 0.0210012 0.8995410 0.0117998 -0.4361716
36.686900 -12.0442009 -0.0166821 12.0206861 0.0212751 0.9023652 0.0121452 -0.4302754
36.895150 -12.1940231 -0.0112525 11.8958902 0.0222639 0.9038712 0.0122359 -0.4270498
37.103550 -12.3505974 -0.0042294 11.7666655 0.0223560 0.9043611 0.0118748 -0.4260166
37.311780 -12.5131903 0.0014886 11.6309767 0.0225442 0.9047400 0.0108680 -0.4252285
37.520030 -12.6815853 0.0081115 11.4885149 0.0227524 0.9049870 0.0125915 -0.4246436
37.728150 -12.8551188 0.0139806 11.3441639 0.0229466 0.9054989 0.0138036 -0.4235027
37.936280 -13.0323315 0.0214877 11.1940050 0.0231208 0.9058252 0.0117788 -0.4228562
38.144280 -13.2152433 0.0287958 11.0391741 0.0248693 0.9061643 0.0104147 -0.4220655
38.352280 -13.4022675 0.0344025 10.8801069 0.0233217 0.9067977 0.0073487 -0.4208563
38.560150 -13.5940933 0.0393943 10.7156725 0.0206398 0.9070317 0.0063649 -0.4205079
38.768150 -13.7897549 0.0441686 10.5479975 0.0205308 0.9069621 0.0088996 -0.4206175
38.976020 -13.9883518 0.0487465 10.3794994 0.0228067 0.9070608 0.0105021 -0.4202503
39.183930 -14.1858892 0.0546298 10.2107086 0.0235765 0.9071085 0.0107698 -0.4200979
39.391750 -14.3836794 0.0610217 10.0408144 0.0231234 0.9072068 0.0116115 -0.4198885
39.599580 -14.5820055 0.0676903 9.8709612 0.0237342 0.9073113 0.0127386 -0.4195959
39.807870 -14.7792091 0.0745943 9.7023954 0.0239607 0.9076870 0.0118239 -0.4187963
40.015280 -14.9763060 0.0804924 9.5335760 0.0242665 0.9082234 0.0114805 -0.4176237
40.223030 -15.1712694 0.0866290 9.3635273 0.0238232 0.9086140 0.0111846 -0.4168068
40.430770 -15.3658667 0.0923479 9.1931667 0.0226540 0.9087791 0.0111129 -0.4165140
40.638670 -15.5593214 0.0980896 9.0242472 0.0205498 0.9085834 0.0121186 -0.4170217
40.846410 -15.7535343 0.1031459 8.8555756 0.0191304 0.9080163 0.0114359 -0.4183416
41.054600 -15.9494457 0.1090126 8.6885576 0.0206593 0.9073825 0.0117991 -0.4196318
41.262460 -16.1464272 0.1153804 8.5211277 0.0254413 0.9066933 0.0161063 -0.4207143
41.469820 -16.3430519 0.1236299 8.3543015 0.0249572 0.9065965 0.0147701 -0.4210009
41.677410 -16.5371380 0.1313835 8.1892223 0.0241531 0.9066582 0.0124847 -0.4209890
41.885060 -16.7320023 0.1374892 8.0218706 0.0251284 0.9066095 0.0146027 -0.4209686
42.092740 -16.9256210 0.1449165 7.8570075 0.0248539 0.9069558 0.0129364 -0.4202928
42.300170 -17.1173763 0.1520696 7.6925883 0.0258445 0.9072462 0.0153930 -0.4195230
42.507790 -17.3090076 0.1597771 7.5281577 0.0272839 0.9074802 0.0166923 -0.4188753
42.715290 -17.4965191 0.1677915 7.3663988 0.0271283 0.9078159 0.0148876 -0.4182256
42.922920 -17.6841183 0.1757563 7.2039614 0.0250104 0.9076752 0.0149931 -0.4186590
43.130550 -17.8715134 0.1837672 7.0426817 0.0234988 0.9074405 0.0153042 -0.4192436
43.442050 -18.1497459 0.1940130 6.8047895 0.0226763 0.9070582 0.0155325 -0.4201070
43.649770 -18.3337555 0.2008520 6.6478448 0.0227349 0.9068108 0.0146920 -0.4206679
43.857500 -18.5170383 0.2071747 6.4921923 0.0245616 0.9065201 0.0147769 -0.4211885
44.065190 -18.6969395 0.2136504 6.3403130 0.0237452 0.9063651 0.0116785 -0.4216659
44.272790 -18.8728085 0.2186355 6.1910105 0.0226587 0.9059578 0.0117804 -0.4225971
44.480540 -19.0456409 0.2233981 6.0450349 0.0224086 0.9059250 0.0123181 -0.4226652
44.688220 -19.2146606 0.2274073 5.9023428 0.0223035 0.9058916 0.0121210 -0.4227482
44.895870 -19.3783131 0.2318522 5.7640300 0.0216307 0.9059297 0.0124631 -0.4226915
45.103550 -19.5391827 0.2361605 5.6283393 0.0218344 0.9060432 0.0127423 -0.4224295
45.311220 -19.6954575 0.2409339 5.4954214 0.0231141 0.9060244 0.0145145 -0.4223445
45.518940 -19.8480701 0.2448893 5.3673201 0.0250307 0.9061610 0.0154291 -0.4219097
45.726540 -19.9946289 0.2502578 5.2434134 0.0266184 0.9063662 0.0149644 -0.4213879
45.934310 -20.1331120 0.2547096 5.1248884 0.0274291 0.9068605 0.0149145 -0.4202729
46.245920 -20.3315334 0.2625873 4.9521480 0.0302687 0.9097949 0.0115893 -0.4137906
46.453430 -20.4537697 0.2672507 4.8399110 0.0327479 0.9142400 0.0104951 -0.4037111
46.764550 -20.6239166 0.2719773 4.6707706 0.0369591 0.9239945 0.0091326 -0.3805060
46.971930 -20.7257328 0.2759868 4.5570664 0.0393432 0.9331039 0.0082765 -0.3573525
47.179170 -20.8137913 0.2788454 4.4400868 0.0372456 0.9435704 0.0104885 -0.3289036
47.386540 -20.8892975 0.2813327 4.3220167 0.0351098 0.9548827 0.0121205 -0.2946515
47.593870 -20.9502506 0.2830643 4.2034073 0.0335915 0.9667742 0.0136547 -0.2530469
47.801160 -20.9945126 0.2848547 4.0841599 0.0239372 0.9778218 0.0136933 -0.2076151
48.008600 -21.0279083 0.2847937 3.9615810 0.0164839 0.9867569 0.0120283 -0.1609174
48.216060 -21.0518208 0.2862991 3.8370421 0.0155708 0.9936219 0.0111638 -0.1111230
48.423630 -21.0613518 0.2868314 3.7109790 0.0121841 0.9979818 0.0140789 -0.0607093
48.631190 -21.0553989 0.2883455 3.5846255 0.0063655 0.9997596 0.0185075 -0.0098821
48.838780 -21.0412006 0.2904294 3.4612367 0.0127604 0.9988976 0.0172226 0.0417627
49.046410 -21.0130939 0.2901573 3.3428345 0.0155931 0.9954947 0.0153874 0.0922521
49.254030 -20.9736767 0.2923061 3.2293041 0.0161987 0.9895818 0.0130937 0.1424575
49.461780 -20.9243526 0.2942366 3.1147721 0.0203081 0.9812769 0.0126376 0.1911114
49.669780 -20.8600750 0.2938375 3.0035322 0.0167601 0.9720472 0.0151830 0.2336939
49.878030 -20.7888985 0.2949245 2.8913264 0.0194444 0.9629697 0.0188180 0.2682483
49.982180 -20.7495937 0.2952608 2.8363094 0.0193790 0.9588546 0.0192201 0.2825825
50.190690 -20.6667709 0.2962796 2.7259073 0.0180768 0.9518944 0.0190745 0.3052972
50.399300 -20.5775681 0.2975658 2.6140370 0.0171866 0.9471392 0.0180457 0.3198535
50.503680 -20.5316849 0.2977454 2.5576079 0.0162292 0.9453779 0.0173808 0.3251078
50.712390 -20.4358234 0.2991059 2.4418349 0.0161481 0.9427968 0.0151936 0.3326299
50.816730 -20.3859158 0.3001804 2.3808870 0.0171783 0.9418605 0.0152066 0.3352200
51.025280 -20.2821236 0.2999643 2.2575076 0.0177829 0.9406157 0.0146185 0.3386919
51.233800 -20.1727810 0.3005210 2.1306357 0.0146314 0.9399651 0.0128795 0.3407135
51.338030 -20.1167469 0.3016263 2.0642428 0.0155627 0.9398068 0.0136817 0.3410774
51.546400 -20.0016651 0.3012115 1.9255745 0.0182595 0.9399567 0.0143121 0.3405044
51.754650 -19.8796387 0.3016301 1.7820963 0.0171182 0.9401554 0.0081853 0.3402171
51.962780 -19.7517185 0.3013543 1.6286973 0.0191049 0.9403622 0.0064728 0.3395762
52.171030 -19.6158390 0.2996169 1.4677855 0.0145305 0.9405068 0.0076134 0.3393786
52.379030 -19.4729519 0.2988148 1.2987173 0.0124189 0.9404314 0.0082463 0.3396564
52.587160 -19.3238792 0.2995126 1.1189265 0.0115871 0.9404911 0.0118169 0.3394151
52.795150 -19.1690521 0.2995199 0.9345642 0.0086613 0.9403399 0.0105489 0.3399627
53.003160 -19.0110016 0.3004144 0.7466060 0.0109286 0.9401244 0.0101915 0.3405038
53.211180 -18.8466358 0.3018463 0.5494503 0.0122892 0.9401736 0.0147911 0.3401528
53.419160 -18.6809216 0.3021353 0.3492466 0.0151740 0.9400860 0.0137266 0.3403228
53.627040 -18.5087967 0.3030300 0.1436665 0.0183622 0.9401138 0.0112192 0.3401810
53.835050 -18.3344498 0.3021783 -0.0656964 0.0172884 0.9403366 0.0117148 0.3396041
54.042910 -18.1578903 0.3020945 -0.2745844 0.0162502 0.9405463 0.0145707 0.3389636
54.250800 -17.9842052 0.3022169 -0.4866342 0.0218145 0.9405228 0.0180109 0.3385507
54.458660 -17.8099976 0.3035346 -0.6986170 0.0234214 0.9404414 0.0235154 0.3383320
54.666410 -17.6381207 0.3063995 -0.9080462 0.0251802 0.9402913 0.0261537 0.3384290
54.874290 -17.4654808 0.3083252 -1.1144098 0.0272205 0.9407405 0.0181213 0.3375472
55.082040 -17.2941303 0.3083596 -1.3231785 0.0274432 0.9410111 0.0180099 0.3367798
55.290780 -17.1227951 0.3087409 -1.5315517 0.0270459 0.9412629 0.0197519 0.3360097
55.497680 -16.9547157 0.3080646 -1.7372265 0.0238591 0.9429775 0.0192361 0.3314424
55.705670 -16.7938480 0.3087634 -1.9445862 0.0235900 0.9463131 0.0189639 0.3218313
55.913810 -16.6393738 0.3103964 -2.1561728 0.0254437 0.9513586 0.0217014 0.3062654
56.122050 -16.4960880 0.3125307 -2.3719981 0.0268249 0.9579679 0.0244028 0.2845740
56.434670 -16.3077908 0.3209385 -2.7124598 0.0315108 0.9699613 0.0263370 0.2397673
56.643030 -16.2018490 0.3267629 -2.9449127 0.0347207 0.9773520 0.0217909 0.2076118
56.851430 -16.1111870 0.3285379 -3.1824958 0.0345881 0.9838857 0.0138700 0.1748718
57.059650 -16.0336704 0.3284156 -3.4247267 0.0311937 0.9889088 0.0131902 0.1446113
57.163560 -16.0009117 0.3283077 -3.5482481 0.0320705 0.9906760 0.0126118 0.1318088
57.371290 -15.9426603 0.3306955 -3.7991488 0.0330244 0.9931551 0.0123089 0.1113594
57.475150 -15.9165030 0.3312087 -3.9287868 0.0313144 0.9941834 0.0150190 0.1019476
57.682930 -15.8701210 0.3349365 -4.1902122 0.0310737 0.9958781 0.0159423 0.0837084
57.890570 -15.8320065 0.3376285 -4.4547081 0.0322938 0.9970508 0.0123709 0.0685113
57.994890 -15.8158197 0.3393485 -4.5905523 0.0351218 0.9972657 0.0143537 0.0634157
58.201850 -15.7848701 0.3452613 -4.8685613 0.0393545 0.9972427 0.0236387 0.0583034
58.409230 -15.7516727 0.3531120 -5.1494479 0.0368766 0.9974243 0.0223169 0.0573309
58.616560 -15.7146587 0.3601543 -5.4358931 0.0301463 0.9977724 0.0186481 0.0565130
58.824030 -15.6788158 0.3659698 -5.7287207 0.0264434 0.9978396 0.0198400 0.0567732
58.927820 -15.6604528 0.3699178 -5.8776655 0.0253399 0.9978376 0.0204822 0.0570835
59.135420 -15.6248455 0.3774892 -6.1781621 0.0241390 0.9977928 0.0199201 0.0585655
59.239170 -15.6060896 0.3808426 -6.3298845 0.0236005 0.9977984 0.0190223 0.0589882
59.446780 -15.5672970 0.3866891 -6.6366239 0.0209081 0.9978718 0.0174216 0.0592549
59.550680 -15.5472956 0.3889562 -6.7925744 0.0196361 0.9979444 0.0175954 0.0584116
59.654550 -15.5280037 0.3915834 -6.9487338 0.0187942 0.9980053 0.0179309 0.0575381
59.758420 -15.5099316 0.3949938 -7.1051359 0.0184592 0.9980519 0.0179814 0.0568191
59.965990 -15.4730587 0.4008490 -7.4175806 0.0185259 0.9980989 0.0189435 0.0556464
60.173450 -15.4374361 0.4062940 -7.7309723 0.0174012 0.9981316 0.0209563 0.0546921
60.484800 -15.3845186 0.4147416 -8.1938839 0.0165210 0.9982723 0.0182496 0.0533517
60.692600 -15.3496952 0.4198319 -8.5033817 0.0160293 0.9983467 0.0188670 0.0518734
60.900200 -15.3163071 0.4251232 -8.8101759 0.0153152 0.9984888 0.0195383 0.0490291
61.107700 -15.2847738 0.4304146 -9.1162481 0.0146729 0.9986615 0.0187086 0.0459334
61.211580 -15.2706442 0.4330948 -9.2687006 0.0145134 0.9987056 0.0195082 0.0446753
61.419200 -15.2433929 0.4402927 -9.5681286 0.0148270 0.9988015 0.0206922 0.0418040
61.626790 -15.2180996 0.4462046 -9.8645821 0.0150218 0.9988999 0.0204725 0.0394224
61.938390 -15.1826296 0.4543485 -10.3050232 0.0142438 0.9989965 0.0206026 0.0371295
62.145930 -15.1609697 0.4604364 -10.5955210 0.0138418 0.9990867 0.0175724 0.0364045
62.457420 -15.1274738 0.4663439 -11.0269222 0.0137249 0.9990968 0.0162401 0.0367918
62.665290 -15.1056938 0.4718830 -11.3129902 0.0153523 0.9990356 0.0169497 0.0374814
62.976670 -15.0708323 0.4775545 -11.7393093 0.0155209 0.9989641 0.0180607 0.0387765
63.184460 -15.0470238 0.4818184 -12.0224810 0.0167948 0.9989149 0.0167819 0.0400670
63.392070 -15.0218477 0.4852138 -12.3025560 0.0166585 0.9988053 0.0160289 0.0430517
63.599720 -14.9953489 0.4884687 -12.5798683 0.0167107 0.9987305 0.0148192 0.0451495
63.703640 -14.9821081 0.4903504 -12.7175646 0.0162935 0.9987141 0.0148363 0.0456561
63.807440 -14.9686708 0.4912445 -12.8535328 0.0155538 0.9987005 0.0159124 0.0458501
63.911420 -14.9551201 0.4926360 -12.9880800 0.0150744 0.9987084 0.0169017 0.0454834
64.015770 -14.9429293 0.4942518 -13.1217203 0.0147903 0.9987222 0.0173511 0.0451019
64.119460 -14.9303160 0.4957720 -13.2522507 0.0142572 0.9987569 0.0174919 0.0444456
64.223410 -14.9179134 0.4973463 -13.3815365 0.0132590 0.9988214 0.0174128 0.0433233
64.327430 -14.9067812 0.4987688 -13.5081873 0.0128648 0.9989050 0.0175799 0.0414040
64.431450 -14.8963728 0.5002991 -13.6324253 0.0131125 0.9990150 0.0175442 0.0385902
64.535560 -14.8882656 0.5014972 -13.7540112 0.0133910 0.9991376 0.0176773 0.0351036
64.743580 -14.8751974 0.5039954 -13.9856920 0.0154092 0.9993339 0.0187716 0.0272370
64.951550 -14.8679962 0.5071208 -14.2084913 0.0180954 0.9994575 0.0192529 0.0196643
65.263460 -14.8611698 0.5113801 -14.5111341 0.0196895 0.9995752 0.0193698 0.0093019
65.471470 -14.8603516 0.5138238 -14.6932974 0.0208780 0.9995940 0.0190468 0.0036241
65.679310 -14.8614807 0.5169143 -14.8587551 0.0225454 0.9995582 0.0193398 -0.0010392
65.887300 -14.8621836 0.5201300 -15.0077248 0.0231666 0.9995071 0.0205520 -0.0051387
66.095340 -14.8645725 0.5214323 -15.1403418 0.0239678 0.9994505 0.0214327 -0.0080555
66.199080 -14.8662939 0.5219189 -15.1983500 0.0253611 0.9994068 0.0214769 -0.0090304
66.303070 -14.8684969 0.5244990 -15.2544737 0.0258793 0.9993846 0.0215964 -0.0097088
66.718800 -14.8692646 0.5250713 -15.4328384 0.0231076 0.9994503 0.0223587 -0.0080701
67.550330 -14.8660154 0.5294425 -15.6473475 0.0202709 0.9996071 0.0192808 0.0017124
70.254450 -14.8500185 0.5325106 -15.8095827 0.0173261 0.9990945 0.0170495 0.0349191
75.767480 -14.8300619 0.5320674 -15.8541842 0.0172039 0.9964324 0.0163335 0.0809921
76.182950 -14.8124466 0.5321050 -15.8927298 0.0157338 0.9932486 0.0133092 0.1141605
76.598340 -14.7804384 0.5333154 -15.9680758 0.0162959 0.9876117 0.0156271 0.1552849
77.013440 -14.7274647 0.5345382 -16.0636387 0.0169580 0.9781080 0.0197602 0.2064621
77.220840 -14.6934166 0.5357379 -16.1164074 0.0177449 0.9707555 0.0218918 0.2384107
77.428190 -14.6496859 0.5360243 -16.1710930 0.0175687 0.9605294 0.0204475 0.2768689
77.739080 -14.5564976 0.5366325 -16.2694016 0.0186263 0.9376315 0.0173759 0.3466961
78.050250 -14.4187422 0.5391487 -16.3809986 0.0214132 0.9069300 0.0138912 0.4205074
78.257840 -14.2958689 0.5396783 -16.4560070 0.0226625 0.8832523 0.0149708 0.4681108
78.465430 -14.1507931 0.5390971 -16.5266476 0.0213527 0.8567152 0.0184985 0.5150155
78.673060 -13.9857826 0.5394578 -16.5893841 0.0225682 0.8268766 0.0236915 0.5614307
78.880800 -13.7994709 0.5385171 -16.6387138 0.0223548 0.7954893 0.0275482 0.6049281
78.984860 -13.6990452 0.5387504 -16.6586571 0.0225722 0.7797520 0.0285087 0.6250317
79.192960 -13.4837112 0.5394996 -16.6847229 0.0247110 0.7518542 0.0277284 0.6582825
79.297060 -13.3682241 0.5392111 -16.6933517 0.0246888 0.7404727 0.0265897 0.6711063
79.505690 -13.1223822 0.5383704 -16.7032928 0.0260351 0.7238605 0.0238946 0.6890408
79.714470 -12.8586226 0.5361471 -16.7092495 0.0278721 0.7125055 0.0237243 0.7007113
79.818800 -12.7230663 0.5333927 -16.7073498 0.0292845 0.7077375 0.0234593 0.7054783
79.923050 -12.5830202 0.5305375 -16.7046680 0.0310717 0.7025549 0.0224245 0.7105972
80.131680 -12.2904558 0.5247415 -16.6929855 0.0314196 0.6931049 0.0196685 0.7198830
80.340300 -11.9827995 0.5162696 -16.6729736 0.0283812 0.6880491 0.0163813 0.7249239
80.548940 -11.6635914 0.5089575 -16.6519356 0.0270960 0.6871190 0.0152860 0.7258785
80.757320 -11.3275490 0.5011447 -16.6325874 0.0270023 0.6854453 0.0162473 0.7274418
80.965550 -10.9803085 0.4909345 -16.6080341 0.0271562 0.6822722 0.0164215 0.7304091
81.069680 -10.8010416 0.4875267 -16.5949402 0.0274044 0.6806297 0.0160473 0.7319390
81.277810 -10.4383402 0.4771813 -16.5670738 0.0261802 0.6767506 0.0169459 0.7355515
81.485930 -10.0653152 0.4676981 -16.5330276 0.0246969 0.6732508 0.0197408 0.7387379
81.694050 -9.6823616 0.4588540 -16.4954605 0.0250273 0.6727020 0.0183794 0.7392617
81.902180 -9.2923098 0.4495916 -16.4588375 0.0246878 0.6734307 0.0196809 0.7385758
82.110180 -8.9018698 0.4397914 -16.4216709 0.0243693 0.6739318 0.0220383 0.7380626
82.318180 -8.5119448 0.4313156 -16.3856144 0.0240989 0.6744572 0.0221748 0.7375873
82.526180 -8.1285486 0.4198540 -16.3502502 0.0250542 0.6749135 0.0208049 0.7371778
82.734050 -7.7418060 0.4109501 -16.3166866 0.0241454 0.6752294 0.0211026 0.7369103
82.942060 -7.3577852 0.4001484 -16.2817287 0.0235605 0.6756278 0.0212099 0.7365610
83.149930 -6.9758568 0.3906060 -16.2489185 0.0254316 0.6759361 0.0203172 0.7362410
83.357930 -6.5936527 0.3806967 -16.2153378 0.0223747 0.6760688 0.0213992 0.7361877
83.565930 -6.2138519 0.3736280 -16.1808167 0.0204463 0.6765915 0.0197473 0.7358097
83.773690 -5.8400788 0.3637383 -16.1478367 0.0206861 0.6768246 0.0188633 0.7356118
83.981560 -5.4674358 0.3549995 -16.1160126 0.0200054 0.6767980 0.0197507 0.7356319
84.189660 -5.0956945 0.3467587 -16.0812111 0.0219808 0.6773116 0.0198446 0.7351000
84.500970 -4.5376439 0.3317937 -16.0370064 0.0236835 0.6752832 0.0220632 0.7368479
84.708560 -4.1718969 0.3217752 -16.0038261 0.0229221 0.6727667 0.0224359 0.7391591
84.916060 -3.8103814 0.3119153 -15.9643335 0.0224882 0.6709909 0.0202154 0.7408487
85.123720 -3.4476831 0.3030564 -15.9258957 0.0218630 0.6692552 0.0201992 0.7424362
85.227440 -3.2676332 0.2993191 -15.9063759 0.0216018 0.6685301 0.0204640 0.7430896
85.435100 -2.9091051 0.2907239 -15.8658628 0.0206049 0.6675429 0.0205486 0.7440024
85.538870 -2.7315993 0.2860902 -15.8450184 0.0198166 0.6673060 0.0201342 0.7442477
85.642600 -2.5541978 0.2816861 -15.8243599 0.0193042 0.6674907 0.0200286 0.7440984
85.746450 -2.3752155 0.2786157 -15.8050041 0.0190910 0.6676634 0.0188545 0.7439796
85.850400 -2.1979299 0.2744171 -15.7847710 0.0191112 0.6682220 0.0187904 0.7434790
85.954220 -2.0207975 0.2705572 -15.7650576 0.0193929 0.6689082 0.0192357 0.7428430
86.058060 -1.8424307 0.2673407 -15.7476807 0.0207601 0.6696378 0.0202113 0.7421225
86.161940 -1.6652590 0.2638009 -15.7308722 0.0223475 0.6703404 0.0208279 0.7414247
86.369740 -1.3111259 0.2542076 -15.6963253 0.0238027 0.6720878 0.0224125 0.7397493
86.473600 -1.1335243 0.2502377 -15.6800051 0.0231654 0.6728062 0.0231109 0.7390947
86.681310 -0.7817609 0.2428827 -15.6463966 0.0219676 0.6745251 0.0228124 0.7375724
86.785510 -0.6050453 0.2387172 -15.6295891 0.0218923 0.6754283 0.0218198 0.7367776
86.889090 -0.4310631 0.2344136 -15.6141787 0.0223263 0.6760597 0.0206322 0.7362195
87.096690 -0.0829025 0.2247132 -15.5840197 0.0240964 0.6773602 0.0193142 0.7350030
87.304430 0.2659647 0.2168849 -15.5557079 0.0242303 0.6778633 0.0200317 0.7345155
87.512180 0.6141851 0.2075955 -15.5273418 0.0214574 0.6775504 0.0204350 0.7348792
87.823570 1.1305059 0.1951065 -15.4804983 0.0171828 0.6770455 0.0162665 0.7355608
88.031060 1.4733274 0.1879449 -15.4490509 0.0165252 0.6768292 0.0138461 0.7358243
88.238710 1.8174053 0.1789889 -15.4192371 0.0173111 0.6763017 0.0128217 0.7363096
88.446330 2.1615109 0.1720088 -15.3912096 0.0154858 0.6754531 0.0181512 0.7370168
88.653930 2.5021386 0.1656358 -15.3609686 0.0185081 0.6745132 0.0186806 0.7377943
88.861690 2.8401976 0.1576961 -15.3287525 0.0202258 0.6743000 0.0168488 0.7379882
89.173320 3.3465648 0.1434780 -15.2823267 0.0225538 0.6738322 0.0172797 0.7383379
89.381180 3.6805778 0.1337039 -15.2509995 0.0255046 0.6741799 0.0177665 0.7379128
89.692870 4.1829743 0.1185743 -15.2059698 0.0240887 0.6750126 0.0216441 0.7370951
89.900710 4.5136147 0.1098789 -15.1757698 0.0237859 0.6758755 0.0194007 0.7363763
90.108700 4.8424997 0.1016203 -15.1467409 0.0225704 0.6766711 0.0199178 0.7356699
90.316520 5.1706324 0.0920807 -15.1185074 0.0224572 0.6773513 0.0208857 0.7350202
90.524330 5.4940524 0.0850847 -15.0918541 0.0225310 0.6779661 0.0206208 0.7344584
90.628220 5.6553354 0.0820891 -15.0796900 0.0214042 0.6781135 0.0204349 0.7343612
90.836200 5.9649019 0.0734362 -15.0539141 0.0205090 0.6788146 0.0203098 0.7337422
91.044070 6.2644324 0.0664302 -15.0300856 0.0186766 0.6790054 0.0204125 0.7336118
91.251940 6.5496383 0.0605242 -15.0075045 0.0193214 0.6778012 0.0201823 0.7347142
91.459820 6.8215666 0.0547719 -14.9840899 0.0189255 0.6750659 0.0188844 0.7372729
91.771700 7.2000618 0.0426608 -14.9425850 0.0197280 0.6690773 0.0172688 0.7427303
91.979540 7.4361429 0.0359564 -14.9138260 0.0225024 0.6614339 0.0170466 0.7494720
92.291780 7.7602267 0.0247112 -14.8605185 0.0227022 0.6467870 0.0167458 0.7621487
92.498710 7.9547038 0.0174657 -14.8208227 0.0219354 0.6342643 0.0169558 0.7726191
92.812670 8.2241220 0.0073599 -14.7463923 0.0210016 0.6106837 0.0137123 0.7914773
93.017610 8.3922949 0.0003586 -14.6896315 0.0198043 0.5919557 0.0125787 0.8056290
93.225060 8.5484648 -0.0065776 -14.6257162 0.0204176 0.5685251 0.0104756 0.8223457
93.432440 8.6956158 -0.0125899 -14.5531559 0.0233282 0.5379172 0.0087329 0.8426296
93.639690 8.8319378 -0.0197868 -14.4703979 0.0239014 0.4981138 0.0117153 0.8667030
93.847210 8.9549761 -0.0303972 -14.3720856 0.0210225 0.4526978 0.0080341 0.8913800
94.054400 9.0668201 -0.0367011 -14.2666168 0.0232610 0.4045244 0.0058643 0.9142125
94.261830 9.1666059 -0.0463223 -14.1486864 0.0222804 0.3562693 0.0047741 0.9341054
94.469450 9.2507010 -0.0533180 -14.0174990 0.0170256 0.3075040 -0.0024497 0.9513913
94.677090 9.3252916 -0.0585129 -13.8778181 0.0110826 0.2579093 -0.0006220 0.9661054
94.884790 9.3777895 -0.0644867 -13.7288218 0.0029399 0.2092247 -0.0072854 0.9778360
95.092440 9.4211540 -0.0689104 -13.5753403 0.0022544 0.1604297 -0.0094195 0.9869998
95.300440 9.4549398 -0.0724290 -13.4139128 0.0032177 0.1183089 -0.0093570 0.9929276
95.508570 9.4746170 -0.0750705 -13.2452583 0.0030276 0.0828099 -0.0154853 0.9964405
95.717080 9.4900818 -0.0786769 -13.0676680 0.0023604 0.0576666 -0.0167317 0.9981929
95.821210 9.4958344 -0.0802768 -12.9768295 0.0018719 0.0473195 -0.0168538 0.9987358
96.029700 9.5060387 -0.0840057 -12.7881794 0.0029280 0.0305785 -0.0154010 0.9994094
96.133950 9.5088749 -0.0856384 -12.6899433 0.0033561 0.0235426 -0.0159061 0.9995906
96.342320 9.5097284 -0.0892511 -12.4830227 0.0036524 0.0095821 -0.0159873 0.9998196
96.550570 9.5059319 -0.0932845 -12.2627373 0.0034357 -0.0042907 -0.0147297 0.9998764
96.758950 9.4963846 -0.0978845 -12.0294580 0.0042849 -0.0156754 -0.0150056 0.9997553
96.967200 9.4842358 -0.1011643 -11.7834387 0.0056213 -0.0230871 -0.0156914 0.9995945
97.175570 9.4681206 -0.1068521 -11.5271378 0.0058500 -0.0264977 -0.0153621 0.9995137
97.383810 9.4499102 -0.1124428 -11.2571115 0.0044190 -0.0290979 -0.0146287 0.9994597
97.592070 9.4312401 -0.1171487 -10.9804564 0.0020279 -0.0322071 -0.0135207 0.9993877
97.800340 9.4117117 -0.1228510 -10.7035360 -0.0002077 -0.0356397 -0.0121711 0.9992906
98.008320 9.3892727 -0.1273362 -10.4264612 -0.0007108 -0.0389423 -0.0100326 0.9991909
98.216470 9.3641233 -0.1317156 -10.1515236 -0.0005237 -0.0423550 -0.0095617 0.9990568
98.424320 9.3376713 -0.1363418 -9.8750086 -0.0006228 -0.0446130 -0.0102266 0.9989518
98.632320 9.3106241 -0.1416000 -9.5978537 -0.0005903 -0.0455149 -0.0110522 0.9989024
98.840320 9.2832317 -0.1453237 -9.3196974 -0.0009340 -0.0457243 -0.0106876 0.9988965
99.048200 9.2557383 -0.1500613 -9.0421810 -0.0020944 -0.0458262 -0.0106024 0.9988909
99.256070 9.2274532 -0.1530325 -8.7659521 -0.0023445 -0.0457290 -0.0105182 0.9988958
99.464100 9.2021618 -0.1581826 -8.4904175 -0.0019402 -0.0454239 -0.0108773 0.9989067
99.671950 9.1756620 -0.1610231 -8.2174168 -0.0014995 -0.0441406 -0.0107331 0.9989665
99.879940 9.1513491 -0.1655333 -7.9498062 -0.0020519 -0.0429432 -0.0097584 0.9990277
100.087800 9.1285200 -0.1686895 -7.6904178 -0.0037956 -0.0417678 -0.0107385 0.9990624
100.295700 9.1062279 -0.1732528 -7.4384866 -0.0024849 -0.0410144 -0.0095197 0.9991101
100.607700 9.0730648 -0.1785666 -7.0748649 0.0013701 -0.0401993 -0.0121164 0.9991173
100.815600 9.0539894 -0.1849717 -6.8357067 0.0016420 -0.0399904 -0.0122638 0.9991235
101.023600 9.0316229 -0.1901101 -6.6020136 0.0028068 -0.0394837 -0.0133869 0.9991266
101.231500 9.0104609 -0.1948246 -6.3719912 0.0033381 -0.0395155 -0.0146613 0.9991058
101.439300 8.9907417 -0.2000753 -6.1433721 0.0026264 -0.0401056 -0.0139453 0.9990947
101.751200 8.9605570 -0.2084075 -5.8049402 0.0033045 -0.0419408 -0.0130573 0.9990293
101.959100 8.9405441 -0.2137094 -5.5831547 0.0038221 -0.0436732 -0.0134060 0.9989486
102.166900 8.9201355 -0.2200595 -5.3640714 0.0037604 -0.0457416 -0.0127578 0.9988648
102.374800 8.8985882 -0.2261272 -5.1457005 0.0029115 -0.0475907 -0.0115210 0.9987962
102.582700 8.8758307 -0.2310896 -4.9299650 0.0018959 -0.0492535 -0.0120198 0.9987122
102.790600 8.8531961 -0.2353823 -4.7199817 0.0011454 -0.0507696 -0.0123089 0.9986339
102.998500 8.8308249 -0.2394976 -4.5170937 0.0011200 -0.0512401 -0.0123757 0.9986091
103.206500 8.8083267 -0.2435037 -4.3220606 0.0012594 -0.0498853 -0.0135053 0.9986628
103.414300 8.7891598 -0.2482287 -4.1329665 0.0012104 -0.0486625 -0.0131950 0.9987274
103.622300 8.7706833 -0.2517326 -3.9533780 0.0019702 -0.0471301 -0.0131665 0.9988000
103.830300 8.7532139 -0.2558451 -3.7822528 0.0020836 -0.0457930 -0.0134781 0.9988579
104.038400 8.7381601 -0.2597433 -3.6196136 0.0018364 -0.0447467 -0.0135982 0.9989041
104.251000 8.7243767 -0.2640802 -3.4676733 0.0011648 -0.0438298 -0.0130156 0.9989535
104.455200 8.7115908 -0.2672974 -3.3295543 0.0000554 -0.0429514 -0.0139643 0.9989796
104.662200 8.7006884 -0.2698515 -3.2075577 0.0006057 -0.0420555 -0.0136890 0.9990213
104.974200 8.6872501 -0.2741143 -3.0484002 0.0012901 -0.0412750 -0.0132632 0.9990590
105.181900 8.6789913 -0.2767896 -2.9515612 0.0026864 -0.0408830 -0.0129192 0.9990768
105.390000 8.6710901 -0.2791662 -2.8564088 0.0037332 -0.0404879 -0.0125172 0.9990947
105.701800 8.6593819 -0.2826817 -2.7159624 0.0029639 -0.0402542 -0.0120208 0.9991128
106.013700 8.6472349 -0.2858488 -2.5782802 0.0027101 -0.0403625 -0.0117527 0.9991123
106.221500 8.6396017 -0.2877364 -2.4878798 0.0027927 -0.0424467 -0.0107106 0.9990374
106.533200 8.6230326 -0.2912203 -2.3556805 0.0027740 -0.0515841 -0.0110086 0.9986041
106.845000 8.6032505 -0.2937748 -2.2255089 0.0030306 -0.0604944 -0.0133673 0.9980744
107.156800 8.5853310 -0.2974731 -2.0990560 0.0031013 -0.0675226 -0.0131071 0.9976268
107.468800 8.5644197 -0.2997587 -1.9712788 0.0037979 -0.0682434 -0.0155693 0.9975400
107.780900 8.5493231 -0.3039976 -1.8469350 0.0031714 -0.0657220 -0.0151709 0.9977176
108.093000 8.5346899 -0.3063638 -1.7240641 0.0036094 -0.0618282 -0.0144094 0.9979762
108.405100 8.5205126 -0.3079697 -1.6017324 0.0037751 -0.0559885 -0.0142305 0.9983228
108.717000 8.5093393 -0.3105743 -1.4738196 0.0059093 -0.0496322 -0.0138200 0.9986545
109.028800 8.4984608 -0.3144267 -1.3255705 0.0057791 -0.0426910 -0.0129736 0.9989874
109.340700 8.4899282 -0.3183576 -1.1613294 0.0038961 -0.0351381 -0.0107988 0.9993165
109.652600 8.4788027 -0.3217582 -0.9823944 0.0028129 -0.0283252 -0.0104829 0.9995399
109.964400 8.4721756 -0.3264541 -0.7886407 0.0028715 -0.0234376 -0.0079722 0.9996894
110.276000 8.4627428 -0.3308904 -0.5801073 0.0051164 -0.0205991 -0.0098792 0.9997259
110.587800 8.4589205 -0.3355344 -0.3591207 0.0040656 -0.0099135 -0.0065779 0.9999210
110.899200 8.4544353 -0.3440999 -0.1464056 0.0082706 -0.0160647 -0.0025879 0.9998334
111.210200 8.4285755 -0.3487080 0.0570718 0.0123903 -0.0429676 -0.0092107 0.9989572
111.521300 8.3908539 -0.3557489 0.2542953 0.0057704 -0.0793433 -0.0108415 0.9967717
111.832500 8.3371487 -0.3591946 0.4417461 0.0008875 -0.1178797 -0.0148235 0.9929168
112.144200 8.2778978 -0.3630379 0.6219538 -0.0036426 -0.1386412 -0.0208351 0.9901168
112.456700 8.2244129 -0.3636137 0.8056104 -0.0044994 -0.1329600 -0.0225493 0.9908546
112.769200 8.1918526 -0.3629547 0.9562423 -0.0077494 -0.1187323 -0.0188257 0.9927176
113.185700 8.1750002 -0.3655344 1.0620189 -0.0062811 -0.1025555 -0.0168553 0.9945647
